19000,'Fête-1-01',657,,2623,30,0,40,0,90,,2642,30,0,40,0,90,,2639,30,0,40,0,90,,2641,30,0,40,0,90,,2640,30,0,40,0,90,,2625,30,0,40,0,50,,2630,30,0,40,0,90,,2629,30,0,40,0,90,,2633,30,0,40,0,90,,2628,30,0,40,0,90,,2627,30,0,40,0,90,,2632,30,0,40,0,50,,2626,30,0,40,0,90,,2636,30,0,40,0,90,,2634,30,0,40,0,90,,2638,30,0,40,0,90,,2637,30,0,40,0,90,,2624,30,0,40,0,50,,2635,30,0,40,0,90,,2631,30,0,40,0
19000,'Fête-2-01',529,,2666,30,,,0,29,,2662,30,,,0,67,,2645,30,,,0,31,,2652,30,,,0,67,,2647,30,,,0,30,,2668,30,,,0,59,,2643,30,,,0,34,,2656,30,,,0,71,,2659,30,,,0,97,,2661,30,,,0,101,,2653,30,,,0,101,,2667,30,,,0,98,,2654,30,,,0,96,,2648,30,,,0,103,,2665,30,,,0,114,,2649,30,,,0,73,,2664,30,,,0,36,,2651,30,,,0,78,,2663,30,,,0,38,,2650,30,,,0,90,,2657,30,,,0,90,,2660,30,,,0,95,,2655,30,,,0,100,,2644,30,,,0,106,,2658,30,,,0,85,,2646,30,,,0
19000,'Semaine-01',529,,1918,30,,,0,29,,1914,30,,,0,67,,1897,30,,,0,31,,1904,30,,,0,67,,1899,30,,,0,30,,1920,30,,,0,59,,1895,30,,,0,34,,1908,30,,,0,71,,1911,30,,,0,97,,1913,30,,,0,101,,1905,30,,,0,101,,1919,30,,,0,98,,1906,30,,,0,96,,1900,30,,,0,103,,1917,30,,,0,114,,1901,30,,,0,73,,1916,30,,,0,36,,1903,30,,,0,78,,1915,30,,,0,38,,1902,30,,,0,90,,1909,30,,,0,90,,1912,30,,,0,95,,1907,30,,,0,100,,1896,30,,,0,106,,1910,30,,,0,85,,1898,30,,,0
19000,'Week-end-01',657,,1921,30,0,40,0,90,,1940,30,0,40,0,90,,1937,30,0,40,0,90,,1939,30,0,40,0,90,,1938,30,0,40,0,90,,1923,30,0,40,0,50,,1928,30,0,40,0,90,,1927,30,0,40,0,90,,1931,30,0,40,0,90,,1926,30,0,40,0,90,,1925,30,0,40,0,90,,1930,30,0,40,0,50,,1924,30,0,40,0,90,,1934,30,0,40,0,90,,1932,30,0,40,0,90,,1936,30,0,40,0,90,,1935,30,0,40,0,90,,1922,30,0,40,0,50,,1933,30,0,40,0,90,,1929,30,0,40,0
19200,'Fête-2-01',543,,2778,30,0,29 30 2 32,0,70,,2783,30,0,29 30 2 32,0,30,,2782,30,0,29 30 2 32,0,70,,2780,30,0,29 30 2 32,0,30,,2779,30,0,29 30 2 32,0,70,,2777,30,0,29 30 2 32,0
19200,'Semaine-01',543,,2090,30,0,29 30 2 32,0,70,,2095,30,0,29 30 2 32,0,30,,2094,30,0,29 30 2 32,0,70,,2092,30,0,29 30 2 32,0,30,,2091,30,0,29 30 2 32,0,70,,2089,30,0,29 30 2 32,0
19201,'Fête-2-01',1551,,2791,30,0,29 30 2 32,0,73,,2790,30,0,29 30 2 32,0,35,,2789,30,0,29 30 2 32,0,76,,2787,30,0,29 30 2 32,0,78,,2788,30,0,29 30 2 32,0,31,,2785,30,0,29 30 2 32,0,71,,2786,30,0,29 30 2 32,0,31,,2784,30,0,32,0
19201,'Semaine-01',1551,,2103,30,0,29 30 2 32,0,73,,2102,30,0,29 30 2 32,0,35,,2101,30,0,29 30 2 32,0,76,,2099,30,0,29 30 2 32,0,78,,2100,30,0,29 30 2 32,0,31,,2097,30,0,29 30 2 32,0,71,,2098,30,0,29 30 2 32,0,31,,2096,30,0,32,0
49000,'Fête-2-01',607,,2922,30,,,0,30,,2911,30,,,0,65,,2912,30,,,0,30,,2921,30,,,0,70,,2919,30,,,0,27,,2920,30,,,0,73,,2924,30,,,0,35,,2926,30,,,0,110,,2925,30,,,0,100,,2932,30,,,0,99,,2931,30,,,0,97,,2928,30,,,0,93,,2927,30,,,0,77,,2915,30,,,0,34,,2917,30,,,0,66,,2918,30,,,0,32,,2913,30,,,0,71,,2916,30,,,0,31,,2923,30,,,0,69,,2914,30,,,0,97,,2930,30,,,0,94,,2929,30,,,0
49000,'Semaine-01',607,,2253,30,,,0,30,,2242,30,,,0,65,,2243,30,,,0,30,,2252,30,,,0,70,,2250,30,,,0,27,,2251,30,,,0,73,,2255,30,,,0,35,,2257,30,,,0,110,,2256,30,,,0,100,,2263,30,,,0,99,,2262,30,,,0,97,,2259,30,,,0,93,,2258,30,,,0,77,,2246,30,,,0,34,,2248,30,,,0,66,,2249,30,,,0,32,,2244,30,,,0,71,,2247,30,,,0,31,,2254,30,,,0,69,,2245,30,,,0,97,,2261,30,,,0,94,,2260,30,,,0
49100,'Fête-1-01',657,,2969,30,,,0,90,,2970,30,,,0,90,,2971,30,,,0,90,,2972,30,,,0,90,,2973,30,,,0,90,,2965,30,,,0,50,,2966,30,,,0,90,,2968,30,,,0,90,,2958,30,,,0,90,,2955,30,,,0,90,,2962,30,,,0,90,,2957,30,,,0,50,,2963,30,,,0,90,,2961,30,,,0,90,,2964,30,,,0,90,,2956,30,,,0,90,,2959,30,,,0,90,,2960,30,,,0,50,,2967,30,,,0
49100,'Fête-2-01',529,,3001,30,,,0,18,,2993,30,,,0,80,,2974,30,,,0,20,,2994,30,,,0,68,,2975,30,,,0,32,,2995,30,,,0,65,,2976,30,,,0,31,,2996,30,,,0,74,,2986,30,,,0,91,,2987,30,,,0,109,,2988,30,,,0,100,,2997,30,,,0,100,,2990,30,,,0,92,,2985,30,,,0,98,,2977,30,,,0,22,,2989,30,,,0,75,,2978,30,,,0,24,,2998,30,,,0,73,,2979,30,,,0,35,,2999,30,,,0,21,,2980,30,,,0,96,,3000,30,,,0,90,,2991,30,,,0,90,,2982,30,,,0,95,,2983,30,,,0,100,,2984,30,,,0,94,,2981,30,,,0,95,,2992,30,,,0
49100,'Semaine-01',529,,2332,30,,,0,18,,2324,30,,,0,80,,2305,30,,,0,20,,2325,30,,,0,68,,2306,30,,,0,32,,2326,30,,,0,65,,2307,30,,,0,31,,2327,30,,,0,74,,2317,30,,,0,91,,2318,30,,,0,109,,2319,30,,,0,100,,2328,30,,,0,100,,2321,30,,,0,92,,2316,30,,,0,98,,2308,30,,,0,22,,2320,30,,,0,75,,2309,30,,,0,24,,2329,30,,,0,73,,2310,30,,,0,35,,2330,30,,,0,21,,2311,30,,,0,96,,2331,30,,,0,90,,2322,30,,,0,90,,2313,30,,,0,95,,2314,30,,,0,100,,2315,30,,,0,94,,2312,30,,,0,95,,2323,30,,,0
49100,'Week-end-01',657,,2347,30,,,0,90,,2348,30,,,0,90,,2349,30,,,0,90,,2350,30,,,0,90,,2351,30,,,0,90,,2343,30,,,0,50,,2344,30,,,0,90,,2346,30,,,0,90,,2336,30,,,0,90,,2333,30,,,0,90,,2340,30,,,0,90,,2335,30,,,0,50,,2341,30,,,0,90,,2339,30,,,0,90,,2342,30,,,0,90,,2334,30,,,0,90,,2337,30,,,0,90,,2338,30,,,0,50,,2345,30,,,0
49300,'Fête-2-01',625,,3053,40,,,0,89,,3061,40,,,0,98,,3062,40,,,0,104,,3063,40,,,0,91,,3055,40,,,0,110,,3054,40,,,0,100,,3057,40,,,0,98,,3051,40,,,0,94,,3050,40,,,0,99,,3052,40,,,0,95,,3059,40,,,0,97,,3056,40,,,0,56,,3049,40,,,0,97,,3058,40,,,0,90,,3060,40,,,0,90,,3064,40,,,0
49300,'Semaine-01',625,,2422,40,,,0,22,,3070,40,,,0,67,,2430,40,,,0,33,,3071,40,,,0,65,,2431,40,,,0,32,,3072,40,,,0,72,,2432,40,,,0,32,,3066,40,,,0,59,,2424,40,,,0,110,,2423,40,,,0,100,,2426,40,,,0,98,,2420,40,,,0,94,,2419,40,,,0,27,,3065,40,,,0,72,,2421,40,,,0,22,,3068,40,,,0,73,,2428,40,,,0,24,,3067,40,,,0,73,,2425,40,,,0,35,,3069,40,,,0,21,,2418,40,,,0,97,,2427,40,,,0,90,,2429,40,,,0,90,,2433,40,,,0
