19000,'Fête-1-01',656,,2623,20,0,40,0,90,,2642,20,0,40,0,90,,2639,20,0,40,0,90,,2641,20,0,40,0,90,,2640,20,0,40,0,90,,2625,20,0,40,0,50,,2630,20,0,40,0,90,,2629,20,0,40,0,90,,2633,20,0,40,0,90,,2628,20,0,40,0,90,,2627,20,0,40,0,90,,2632,20,0,40,0,50,,2626,20,0,40,0,90,,2636,20,0,40,0,90,,2634,20,0,40,0,90,,2638,20,0,40,0,90,,2637,20,0,40,0,90,,2624,20,0,40,0,50,,2635,20,0,40,0,90,,2631,20,0,40,0
19000,'Fête-2-01',529,,2666,20,,,0,29,,2662,20,,,0,67,,2645,20,,,0,31,,2652,20,,,0,67,,2647,20,,,0,30,,2668,20,,,0,59,,2643,20,,,0,34,,2656,20,,,0,71,,2659,20,,,0,97,,2661,20,,,0,101,,2653,20,,,0,100,,2667,20,,,0,98,,2654,20,,,0,96,,2648,20,,,0,103,,2665,20,,,0,114,,2649,20,,,0,33,,2664,20,,,0,76,,2651,20,,,0,79,,2663,20,,,0,38,,2650,20,,,0,90,,2657,20,,,0,90,,2660,20,,,0,95,,2655,20,,,0,100,,2644,20,,,0,106,,2658,20,,,0,85,,2646,20,,,0
19000,'Semaine-01',529,,1918,20,,,0,29,,1914,20,,,0,67,,1897,20,,,0,31,,1904,20,,,0,67,,1899,20,,,0,30,,1920,20,,,0,59,,1895,20,,,0,34,,1908,20,,,0,71,,1911,20,,,0,97,,1913,20,,,0,101,,1905,20,,,0,100,,1919,20,,,0,98,,1906,20,,,0,96,,1900,20,,,0,103,,1917,20,,,0,114,,1901,20,,,0,33,,1916,20,,,0,76,,1903,20,,,0,79,,1915,20,,,0,38,,1902,20,,,0,90,,1909,20,,,0,90,,1912,20,,,0,95,,1907,20,,,0,100,,1896,20,,,0,106,,1910,20,,,0,85,,1898,20,,,0
19000,'Week-end-01',656,,1921,20,0,40,0,90,,1940,20,0,40,0,90,,1937,20,0,40,0,90,,1939,20,0,40,0,90,,1938,20,0,40,0,90,,1923,20,0,40,0,50,,1928,20,0,40,0,90,,1927,20,0,40,0,90,,1931,20,0,40,0,90,,1926,20,0,40,0,90,,1925,20,0,40,0,90,,1930,20,0,40,0,50,,1924,20,0,40,0,90,,1934,20,0,40,0,90,,1932,20,0,40,0,90,,1936,20,0,40,0,90,,1935,20,0,40,0,90,,1922,20,0,40,0,50,,1933,20,0,40,0,90,,1929,20,0,40,0
19200,'Fête-2-01',542,,2778,20,0,29 30 2 32,0,70,,2783,20,0,29 30 2 32,0,30,,2782,20,0,29 30 2 32,0,70,,2780,20,0,29 30 2 32,0,30,,2779,20,0,29 30 2 32,0,70,,2777,20,0,29 30 2 32,0
19200,'Semaine-01',542,,2090,20,0,29 30 2 32,0,70,,2095,20,0,29 30 2 32,0,30,,2094,20,0,29 30 2 32,0,70,,2092,20,0,29 30 2 32,0,30,,2091,20,0,29 30 2 32,0,70,,2089,20,0,29 30 2 32,0
19201,'Fête-2-01',1550,,2791,20,0,29 30 2 32,0,73,,2790,20,0,29 30 2 32,0,35,,2789,20,0,29 30 2 32,0,76,,2787,20,0,29 30 2 32,0,78,,2788,20,0,29 30 2 32,0,31,,2785,20,0,29 30 2 32,0,71,,2786,20,0,29 30 2 32,0,31,,2784,20,0,32,0
19201,'Semaine-01',1550,,2103,20,0,29 30 2 32,0,73,,2102,20,0,29 30 2 32,0,35,,2101,20,0,29 30 2 32,0,76,,2099,20,0,29 30 2 32,0,78,,2100,20,0,29 30 2 32,0,31,,2097,20,0,29 30 2 32,0,71,,2098,20,0,29 30 2 32,0,31,,2096,20,0,32,0
49000,'Fête-2-01',606,,2922,20,,,0,30,,2911,20,,,0,65,,2912,20,,,0,30,,2921,20,,,0,70,,2919,20,,,0,27,,2920,20,,,0,73,,2924,20,,,0,35,,2926,20,,,0,110,,2925,20,,,0,100,,2932,20,,,0,99,,2931,20,,,0,97,,2928,20,,,0,93,,2927,20,,,0,77,,2915,20,,,0,34,,2917,20,,,0,66,,2918,20,,,0,32,,2913,20,,,0,71,,2916,20,,,0,31,,2923,20,,,0,69,,2914,20,,,0,97,,2930,20,,,0,94,,2929,20,,,0
49000,'Semaine-01',606,,2253,20,,,0,30,,2242,20,,,0,65,,2243,20,,,0,30,,2252,20,,,0,70,,2250,20,,,0,27,,2251,20,,,0,73,,2255,20,,,0,35,,2257,20,,,0,110,,2256,20,,,0,100,,2263,20,,,0,99,,2262,20,,,0,97,,2259,20,,,0,93,,2258,20,,,0,77,,2246,20,,,0,34,,2248,20,,,0,66,,2249,20,,,0,32,,2244,20,,,0,71,,2247,20,,,0,31,,2254,20,,,0,69,,2245,20,,,0,97,,2261,20,,,0,94,,2260,20,,,0
49100,'Fête-1-01',656,,2969,20,,,0,90,,2970,20,,,0,90,,2971,20,,,0,90,,2972,20,,,0,90,,2973,20,,,0,90,,2965,20,,,0,50,,2966,20,,,0,90,,2968,20,,,0,90,,2958,20,,,0,90,,2955,20,,,0,90,,2962,20,,,0,90,,2957,20,,,0,50,,2963,20,,,0,90,,2961,20,,,0,90,,2964,20,,,0,90,,2956,20,,,0,90,,2959,20,,,0,90,,2960,20,,,0,50,,2967,20,,,0
49100,'Fête-2-01',528,,3001,20,,,0,18,,2993,20,,,0,80,,2974,20,,,0,20,,2994,20,,,0,68,,2975,20,,,0,32,,2995,20,,,0,65,,2976,20,,,0,31,,2996,20,,,0,74,,2986,20,,,0,91,,2987,20,,,0,109,,2988,20,,,0,100,,2997,20,,,0,100,,2990,20,,,0,92,,2985,20,,,0,98,,2977,20,,,0,22,,2989,20,,,0,75,,2978,20,,,0,24,,2998,20,,,0,73,,2979,20,,,0,35,,2999,20,,,0,21,,2980,20,,,0,96,,3000,20,,,0,90,,2991,20,,,0,90,,2982,20,,,0,95,,2983,20,,,0,100,,2984,20,,,0,94,,2981,20,,,0,95,,2992,20,,,0
49100,'Semaine-01',528,,2332,20,,,0,18,,2324,20,,,0,80,,2305,20,,,0,20,,2325,20,,,0,68,,2306,20,,,0,32,,2326,20,,,0,65,,2307,20,,,0,31,,2327,20,,,0,74,,2317,20,,,0,91,,2318,20,,,0,109,,2319,20,,,0,100,,2328,20,,,0,100,,2321,20,,,0,92,,2316,20,,,0,98,,2308,20,,,0,22,,2320,20,,,0,75,,2309,20,,,0,24,,2329,20,,,0,73,,2310,20,,,0,35,,2330,20,,,0,21,,2311,20,,,0,96,,2331,20,,,0,90,,2322,20,,,0,90,,2313,20,,,0,95,,2314,20,,,0,100,,2315,20,,,0,94,,2312,20,,,0,95,,2323,20,,,0
49100,'Week-end-01',656,,2347,20,,,0,90,,2348,20,,,0,90,,2349,20,,,0,90,,2350,20,,,0,90,,2351,20,,,0,90,,2343,20,,,0,50,,2344,20,,,0,90,,2346,20,,,0,90,,2336,20,,,0,90,,2333,20,,,0,90,,2340,20,,,0,90,,2335,20,,,0,50,,2341,20,,,0,90,,2339,20,,,0,90,,2342,20,,,0,90,,2334,20,,,0,90,,2337,20,,,0,90,,2338,20,,,0,50,,2345,20,,,0
