49000,'Fête-2-01',605,,2922,10,,,0,30,,2911,10,,,0,65,,2912,10,,,0,30,,2921,10,,,0,70,,2919,10,,,0,27,,2920,10,,,0,73,,2924,10,,,0,35,,2926,10,,,0,110,,2925,10,,,0,100,,2932,10,,,0,99,,2931,10,,,0,97,,2928,10,,,0,93,,2927,10,,,0,77,,2915,10,,,0,33,,2917,10,,,0,66,,2918,10,,,0,32,,2913,10,,,0,71,,2916,10,,,0,31,,2923,10,,,0,70,,2914,10,,,0,97,,2930,10,,,0,94,,2929,10,,,0
49000,'Semaine-01',605,,2253,10,,,0,30,,2242,10,,,0,65,,2243,10,,,0,30,,2252,10,,,0,70,,2250,10,,,0,27,,2251,10,,,0,73,,2255,10,,,0,35,,2257,10,,,0,110,,2256,10,,,0,100,,2263,10,,,0,99,,2262,10,,,0,97,,2259,10,,,0,93,,2258,10,,,0,77,,2246,10,,,0,33,,2248,10,,,0,66,,2249,10,,,0,32,,2244,10,,,0,71,,2247,10,,,0,31,,2254,10,,,0,70,,2245,10,,,0,97,,2261,10,,,0,94,,2260,10,,,0
49001,'Fête-2-01',627,,2947,190,4,,0,26,,2948,190,4,,0,70,,2949,190,4,,0,29,,2950,190,4,,0,70,,2944,190,4,,0,30,,2942,190,4,,0,70,,2943,190,4,,0,115,,2951,190,4,,0,100,,2945,190,4,,0,100,,2946,190,4,,0,98,,2952,190,4,,0,94,,2953,190,4,,0,93,,2941,190,4,,0,83,,2940,190,4,,0,31,,2939,190,4,,0,72,,2935,190,4,,0,30,,2938,190,4,,0,71,,2937,190,4,,0,32,,2936,190,4,,0,64,,2934,190,4,,0,95,,2933,190,4,,0,55,,2954,190,4,,0
49001,'Semaine-01',627,,2278,190,4,,0,26,,2279,190,4,,0,70,,2280,190,4,,0,29,,2281,190,4,,0,70,,2275,190,4,,0,30,,2273,190,4,,0,70,,2274,190,4,,0,115,,2282,190,4,,0,100,,2276,190,4,,0,100,,2277,190,4,,0,98,,2283,190,4,,0,94,,2284,190,4,,0,93,,2272,190,4,,0,83,,2271,190,4,,0,31,,2270,190,4,,0,72,,2266,190,4,,0,30,,2269,190,4,,0,71,,2268,190,4,,0,32,,2267,190,4,,0,64,,2265,190,4,,0,95,,2264,190,4,,0,55,,2285,190,4,,0
49100,'Fête-1-01',655,,2969,10,,,0,90,,2970,10,,,0,90,,2971,10,,,0,90,,2972,10,,,0,90,,2973,10,,,0,90,,2965,10,,,0,50,,2966,10,,,0,90,,2968,10,,,0,90,,2958,10,,,0,90,,2955,10,,,0,90,,2962,10,,,0,90,,2957,10,,,0,50,,2963,10,,,0,90,,2961,10,,,0,90,,2964,10,,,0,90,,2956,10,,,0,90,,2959,10,,,0,90,,2960,10,,,0,50,,2967,10,,,0
49100,'Fête-2-01',527,,3001,10,,,0,18,,2993,10,,,0,80,,2974,10,,,0,20,,2994,10,,,0,68,,2975,10,,,0,32,,2995,10,,,0,65,,2976,10,,,0,31,,2996,10,,,0,74,,2986,10,,,0,91,,2987,10,,,0,109,,2988,10,,,0,100,,2997,10,,,0,100,,2990,10,,,0,92,,2985,10,,,0,98,,2977,10,,,0,22,,2989,10,,,0,74,,2978,10,,,0,24,,2998,10,,,0,33,,2979,10,,,0,75,,2999,10,,,0,21,,2980,10,,,0,97,,3000,10,,,0,90,,2991,10,,,0,90,,2982,10,,,0,95,,2983,10,,,0,100,,2984,10,,,0,94,,2981,10,,,0,95,,2992,10,,,0
49100,'Semaine-01',527,,2332,10,,,0,18,,2324,10,,,0,80,,2305,10,,,0,20,,2325,10,,,0,68,,2306,10,,,0,32,,2326,10,,,0,65,,2307,10,,,0,31,,2327,10,,,0,74,,2317,10,,,0,91,,2318,10,,,0,109,,2319,10,,,0,100,,2328,10,,,0,100,,2321,10,,,0,92,,2316,10,,,0,98,,2308,10,,,0,22,,2320,10,,,0,74,,2309,10,,,0,24,,2329,10,,,0,33,,2310,10,,,0,75,,2330,10,,,0,21,,2311,10,,,0,97,,2331,10,,,0,90,,2322,10,,,0,90,,2313,10,,,0,95,,2314,10,,,0,100,,2315,10,,,0,94,,2312,10,,,0,95,,2323,10,,,0
49100,'Week-end-01',655,,2347,10,,,0,90,,2348,10,,,0,90,,2349,10,,,0,90,,2350,10,,,0,90,,2351,10,,,0,90,,2343,10,,,0,50,,2344,10,,,0,90,,2346,10,,,0,90,,2336,10,,,0,90,,2333,10,,,0,90,,2340,10,,,0,90,,2335,10,,,0,50,,2341,10,,,0,90,,2339,10,,,0,90,,2342,10,,,0,90,,2334,10,,,0,90,,2337,10,,,0,90,,2338,10,,,0,50,,2345,10,,,0
49101,'Fête-1-01',740,,3017,110,4,,0,90,,3018,110,4,,0,90,,3019,110,4,,0,90,,3020,110,4,,0,90,,3016,110,4,,0,50,,3015,110,4,,0,90,,3014,110,4,,0,90,,3013,110,4,,0,90,,3012,110,4,,0,90,,3011,110,4,,0,90,,3010,110,4,,0,50,,3009,110,4,,0,90,,3008,110,4,,0,90,,3007,110,4,,0,90,,3006,110,4,,0,90,,3005,110,4,,0,90,,3004,110,4,,0,50,,3003,110,4,,0,90,,3002,110,4,,0
49101,'Fête-2-01',619,,3048,110,4,,0,21,,3040,110,4,,0,68,,3022,110,4,,0,22,,3041,110,4,,0,75,,3026,110,4,,0,29,,3042,110,4,,0,73,,3036,110,4,,0,29,,3043,110,4,,0,64,,3037,110,4,,0,106,,3032,110,4,,0,101,,3033,110,4,,0,99,,3035,110,4,,0,94,,3034,110,4,,0,100,,3023,110,4,,0,53,,3025,110,4,,0,65,,3045,110,4,,0,35,,3024,110,4,,0,75,,3044,110,4,,0,21,,3021,110,4,,0,76,,3038,110,4,,0,21,,3046,110,4,,0,90,,3047,110,4,,0,90,,3027,110,4,,0,95,,3028,110,4,,0,99,,3029,110,4,,0,95,,3030,110,4,,0,95,,3031,110,4,,0,90,,3039,110,4,,0
49101,'Semaine-01',619,,2398,110,4,,0,21,,2390,110,4,,0,68,,2372,110,4,,0,22,,2391,110,4,,0,75,,2376,110,4,,0,29,,2392,110,4,,0,73,,2386,110,4,,0,29,,2393,110,4,,0,64,,2387,110,4,,0,106,,2382,110,4,,0,101,,2383,110,4,,0,99,,2385,110,4,,0,94,,2384,110,4,,0,100,,2373,110,4,,0,53,,2375,110,4,,0,65,,2395,110,4,,0,35,,2374,110,4,,0,75,,2394,110,4,,0,21,,2371,110,4,,0,76,,2388,110,4,,0,21,,2396,110,4,,0,90,,2397,110,4,,0,90,,2377,110,4,,0,95,,2378,110,4,,0,99,,2379,110,4,,0,95,,2380,110,4,,0,95,,2381,110,4,,0,90,,2389,110,4,,0
49101,'Week-end-01',740,,2414,110,4,,0,90,,2415,110,4,,0,90,,2416,110,4,,0,90,,2417,110,4,,0,90,,2413,110,4,,0,50,,2412,110,4,,0,90,,2411,110,4,,0,90,,2410,110,4,,0,90,,2409,110,4,,0,90,,2408,110,4,,0,90,,2407,110,4,,0,50,,2406,110,4,,0,90,,2405,110,4,,0,90,,2404,110,4,,0,90,,2403,110,4,,0,90,,2402,110,4,,0,90,,2401,110,4,,0,50,,2400,110,4,,0,90,,2399,110,4,,0
