19000,'Fête-1-01',715,,2623,250,4,,0,90,,2642,250,4,,0,50,,2639,250,4,,0,90,,2641,250,4,,0,90,,2640,250,4,,0,90,,2625,250,4,,0,90,,2630,250,4,,0,90,,2629,250,4,,0,50,,2633,250,4,,0,90,,2628,250,4,,0,90,,2627,250,4,,0,90,,2632,250,4,,0,90,,2626,250,4,,0,90,,2636,250,4,,0,50,,2634,250,4,,0,90,,2638,250,4,,0,90,,2637,250,4,,0,90,,2624,250,4,,0,90,,2635,250,4,,0,90,,2631,250,4,,0
19000,'Week-end-01',715,,1921,250,4,,0,90,,1940,250,4,,0,50,,1937,250,4,,0,90,,1939,250,4,,0,90,,1938,250,4,,0,90,,1923,250,4,,0,90,,1928,250,4,,0,90,,1927,250,4,,0,50,,1931,250,4,,0,90,,1926,250,4,,0,90,,1925,250,4,,0,90,,1930,250,4,,0,90,,1924,250,4,,0,90,,1934,250,4,,0,50,,1932,250,4,,0,90,,1936,250,4,,0,90,,1935,250,4,,0,90,,1922,250,4,,0,90,,1933,250,4,,0,90,,1929,250,4,,0
19001,'Fête-1-01',630,,2669,10,,,0,90,,2686,10,,,0,90,,2687,10,,,0,90,,2688,10,,,0,50,,2684,10,,,0,90,,2685,10,,,0,90,,2683,10,,,0,90,,2680,10,,,0,90,,2678,10,,,0,90,,2670,10,,,0,50,,2675,10,,,0,90,,2682,10,,,0,90,,2671,10,,,0,90,,2672,10,,,0,90,,2679,10,,,0,90,,2674,10,,,0,50,,2681,10,,,0,90,,2677,10,,,0,90,,2676,10,,,0,90,,2673,10,,,0
19001,'Week-end-01',630,,1987,10,,,0,90,,2004,10,,,0,90,,2005,10,,,0,90,,2006,10,,,0,50,,2002,10,,,0,90,,2003,10,,,0,90,,2001,10,,,0,90,,1998,10,,,0,90,,1996,10,,,0,90,,1988,10,,,0,50,,1993,10,,,0,90,,2000,10,,,0,90,,1989,10,,,0,90,,1990,10,,,0,90,,1997,10,,,0,90,,1992,10,,,0,50,,1999,10,,,0,90,,1995,10,,,0,90,,1994,10,,,0,90,,1991,10,,,0
19100,'Fête-1-01',715,,2715,280,4,,0,140,,2718,280,4,,0,180,,2720,280,4,,0,180,,2717,280,4,,0,140,,2716,280,4,,0,180,,2721,280,4,,0,180,,2719,280,4,,0,140,,2722,280,4,,0,180,,2723,280,4,,0,180,,2724,280,4,,0
19100,'Week-end-01',715,,2038,280,4,,0,140,,2041,280,4,,0,180,,2043,280,4,,0,180,,2040,280,4,,0,140,,2039,280,4,,0,180,,2044,280,4,,0,180,,2042,280,4,,0,140,,2045,280,4,,0,180,,2046,280,4,,0,180,,2047,280,4,,0
19101,'Fête-1-01',630,,2746,10,,,0,180,,2755,10,,,0,140,,2754,10,,,0,180,,2749,10,,,0,180,,2752,10,,,0,140,,2753,10,,,0,180,,2751,10,,,0,180,,2748,10,,,0,140,,2747,10,,,0,180,,2750,10,,,0
19101,'Week-end-01',630,,2079,10,,,0,180,,2088,10,,,0,140,,2087,10,,,0,180,,2082,10,,,0,180,,2085,10,,,0,140,,2086,10,,,0,180,,2084,10,,,0,180,,2081,10,,,0,140,,2080,10,,,0,180,,2083,10,,,0
20001,'Fête-1-01',720,,2818,10,,,0,15,,2818,180,4,,0,15,,2819,10,,,0,55,,2819,180,4,,0,95,,2820,10,,,0,15,,2820,180,4,,0,15,,2821,10,,,0,15,,2821,180,4,,0,95,,2822,10,,,0,15,,2822,180,4,,0,55,,2826,10,,,0,15,,2826,180,4,,0,95,,2830,10,,,0,15,,2830,180,4,,0,15,,2834,10,,,0,55,,2834,180,4,,0,95,,2823,10,,,0,15,,2823,180,4,,0,15,,2827,10,,,0,15,,2827,180,4,,0,95,,2831,10,,,0,15,,2831,180,4,,0,55,,2835,10,,,0,15,,2835,180,4,,0,95,,2824,10,,,0,15,,2824,180,4,,0,15,,2828,10,,,0,55,,2828,180,4,,0,95,,2832,10,,,0,15,,2832,180,4,,0,15,,2836,10,,,0,15,,2836,180,4,,0,95,,2825,10,,,0,15,,2825,180,4,,0,55,,2829,10,,,0,15,,2829,180,4,,0,95,,2833,10,,,0,15,,2833,180,4,,0
20001,'Week-end-01',720,,2179,10,,,0,15,,2179,180,4,,0,15,,2180,10,,,0,55,,2180,180,4,,0,95,,2181,10,,,0,15,,2181,180,4,,0,15,,2182,10,,,0,15,,2182,180,4,,0,95,,2183,10,,,0,15,,2183,180,4,,0,55,,2187,10,,,0,15,,2187,180,4,,0,95,,2191,10,,,0,15,,2191,180,4,,0,15,,2195,10,,,0,55,,2195,180,4,,0,95,,2184,10,,,0,15,,2184,180,4,,0,15,,2188,10,,,0,15,,2188,180,4,,0,95,,2192,10,,,0,15,,2192,180,4,,0,55,,2196,10,,,0,15,,2196,180,4,,0,95,,2185,10,,,0,15,,2185,180,4,,0,15,,2189,10,,,0,55,,2189,180,4,,0,95,,2193,10,,,0,15,,2193,180,4,,0,15,,2197,10,,,0,15,,2197,180,4,,0,95,,2186,10,,,0,15,,2186,180,4,,0,55,,2190,10,,,0,15,,2190,180,4,,0,95,,2194,10,,,0,15,,2194,180,4,,0
79000,'Fête-1-01',722,,3161,10,,,0,180,,3160,10,,,0,140,,3162,10,,,0,180,,3158,10,,,0,180,,3163,10,,,0,140,,3159,10,,,0,180,,3157,10,,,0,180,,3164,10,,,0,140,,3165,10,,,0,180,,3166,10,,,0
79000,'Week-end-01',722,,2518,10,,,0,180,,2517,10,,,0,140,,2519,10,,,0,180,,2515,10,,,0,180,,2520,10,,,0,140,,2516,10,,,0,180,,2514,10,,,0,180,,2521,10,,,0,140,,2522,10,,,0,180,,2523,10,,,0
79001,'Fête-1-01',853,,3172,280,4,,0,180,,3167,280,4,,0,180,,3170,280,4,,0,140,,3171,280,4,,0,180,,3173,280,4,,0,180,,3168,280,4,,0,140,,3169,280,4,,0,180,,3174,280,4,,0,180,,3175,280,4,,0,140,,3176,280,4,,0
79001,'Week-end-01',853,,2539,280,4,,0,180,,2534,280,4,,0,180,,2537,280,4,,0,140,,2538,280,4,,0,180,,2540,280,4,,0,180,,2535,280,4,,0,140,,2536,280,4,,0,180,,2541,280,4,,0,180,,2542,280,4,,0,140,,2543,280,4,,0
