18800,'Fête-2-01',638,,2599,270,,,0,100,,2600,370,,,0,99,,2601,370,,,0,98,,2606,370,,,0,674,,2605,370,,,0,100,,2602,370,,,0,34,,2604,370,,,0,94,,2603,370,,,0,99,,2607,370,,,0
18800,'Semaine-01',638,,1851,270,,,0,100,,1852,370,,,0,99,,1853,370,,,0,98,,1858,370,,,0,674,,1857,370,,,0,100,,1854,370,,,0,34,,1856,370,,,0,94,,1855,370,,,0,99,,1859,370,,,0
18900,'Fête-2-01',1643,,2609,470,0,29 30 2 24,0,67,,2611,470,0,29 30 2 24,0,34,,2612,470,0,29 30 2 24,0,76,,2613,470,0,29 30 2 24,0,39,,2614,470,0,29 30 2 24,0,57,,2615,470,0,29 30 2 24,0,43,,2616,470,0,29 30 2 24,0
18900,'Semaine-01',1643,,1861,470,0,29 30 2 24,0,67,,1863,470,0,29 30 2 24,0,34,,1864,470,0,29 30 2 24,0,76,,1865,470,0,29 30 2 24,0,39,,1866,470,0,29 30 2 24,0,57,,1867,470,0,29 30 2 24,0,43,,1868,470,0,29 30 2 24,0
18901,'Fête-2-01',638,,2617,440,0,29 30 2 24,0,66,,2618,470,0,29 30 2 24,0,33,,2619,470,0,29 30 2 24,0,66,,2620,470,0,29 30 2 24,0,33,,2621,470,0,29 30 2 24,0,70,,2622,470,0,29 30 2 24,0
18901,'Semaine-01',638,,1869,440,0,29 30 2 24,0,66,,1870,470,0,29 30 2 24,0,33,,1871,470,0,29 30 2 24,0,66,,1872,470,0,29 30 2 24,0,33,,1873,470,0,29 30 2 24,0,70,,1874,470,0,29 30 2 24,0
19101,'Fête-1-01',647,,2746,250,,,0,180,,2755,250,,,0,180,,2754,250,,,0,140,,2749,250,,,0,180,,2752,250,,,0,180,,2753,250,,,0,140,,2751,250,,,0,180,,2748,250,,,0,180,,2747,250,,,0,140,,2750,250,,,0
19101,'Fête-2-01',537,,2760,260,,,0,76,,2766,260,,,0,24,,2767,260,,,0,67,,2765,260,,,0,33,,2763,260,,,0,65,,2764,260,,,0,31,,2769,260,,,0,99,,2770,260,,,0,102,,2771,260,,,0,100,,2772,260,,,0,100,,2773,260,,,0,97,,2774,260,,,0,93,,2775,260,,,0,93,,2776,260,,,0,97,,2761,260,,,0,20,,2768,260,,,0,75,,2762,260,,,0,36,,2759,260,,,0,79,,2756,260,,,0,78,,2757,260,,,0,29,,2758,260,,,0
19101,'Semaine-01',537,,2062,260,,,0,76,,2068,260,,,0,24,,2069,260,,,0,67,,2067,260,,,0,33,,2065,260,,,0,65,,2066,260,,,0,31,,2071,260,,,0,99,,2072,260,,,0,102,,2073,260,,,0,100,,2074,260,,,0,100,,2075,260,,,0,97,,2076,260,,,0,93,,2077,260,,,0,93,,2078,260,,,0,97,,2063,260,,,0,20,,2070,260,,,0,75,,2064,260,,,0,36,,2061,260,,,0,79,,2058,260,,,0,78,,2059,260,,,0,29,,2060,260,,,0
19101,'Week-end-01',647,,2079,250,,,0,180,,2088,250,,,0,180,,2087,250,,,0,140,,2082,250,,,0,180,,2085,250,,,0,180,,2086,250,,,0,140,,2084,250,,,0,180,,2081,250,,,0,180,,2080,250,,,0,140,,2083,250,,,0
69500,'Fête-2-01',531,,3150,260,0,29 30 2 23,0,105,,3148,420,0,29 30 2 23,0,100,,3149,420,0,29 30 2 23,0,108,,3151,420,0,29 30 2 23,0,108,,3147,420,0,29 30 2 23,0
69500,'Semaine-01',531,,2497,260,0,29 30 2 23,0,105,,2495,420,0,29 30 2 23,0,100,,2496,420,0,29 30 2 23,0,108,,2498,420,0,29 30 2 23,0,108,,2494,420,0,29 30 2 23,0
69501,'Fête-2-01',1605,,3155,410,0,29 30 2 23,0,118,,3153,410,0,29 30 2 23,0,115,,3152,410,0,29 30 2 23,0,113,,3154,410,0,29 30 2 23,0
69501,'Semaine-01',1605,,2502,410,0,29 30 2 23,0,118,,2500,410,0,29 30 2 23,0,115,,2499,410,0,29 30 2 23,0,113,,2501,410,0,29 30 2 23,0
