19001,'Fête-1-01',647,,2669,220,,,0,90,,2686,220,,,0,90,,2687,220,,,0,90,,2688,220,,,0,90,,2684,220,,,0,50,,2685,220,,,0,90,,2683,220,,,0,90,,2680,220,,,0,90,,2678,220,,,0,90,,2670,220,,,0,90,,2675,220,,,0,50,,2682,220,,,0,90,,2671,220,,,0,90,,2672,220,,,0,90,,2679,220,,,0,90,,2674,220,,,0,90,,2681,220,,,0,50,,2677,220,,,0,90,,2676,220,,,0,90,,2673,220,,,0
19001,'Fête-2-01',537,,2702,220,,,0,79,,2692,220,,,0,21,,2693,220,,,0,67,,2706,220,,,0,33,,2696,220,,,0,65,,2691,220,,,0,30,,2700,220,,,0,71,,2713,220,,,0,54,,2705,220,,,0,146,,2703,220,,,0,100,,2701,220,,,0,100,,2699,220,,,0,55,,2704,220,,,0,100,,2714,220,,,0,148,,2698,220,,,0,30,,2708,220,,,0,75,,2709,220,,,0,35,,2710,220,,,0,77,,2711,220,,,0,78,,2712,220,,,0,30,,2690,220,,,0,92,,2694,220,,,0,90,,2707,220,,,0,103,,2697,220,,,0,91,,2689,220,,,0,102,,2695,220,,,0
19001,'Semaine-01',537,,1974,220,,,0,79,,1964,220,,,0,21,,1965,220,,,0,67,,1978,220,,,0,33,,1968,220,,,0,65,,1963,220,,,0,30,,1972,220,,,0,71,,1985,220,,,0,54,,1977,220,,,0,146,,1975,220,,,0,100,,1973,220,,,0,100,,1971,220,,,0,55,,1976,220,,,0,100,,1986,220,,,0,148,,1970,220,,,0,30,,1980,220,,,0,75,,1981,220,,,0,35,,1982,220,,,0,77,,1983,220,,,0,78,,1984,220,,,0,30,,1962,220,,,0,92,,1966,220,,,0,90,,1979,220,,,0,103,,1969,220,,,0,91,,1961,220,,,0,102,,1967,220,,,0
19001,'Week-end-01',647,,1987,220,,,0,90,,2004,220,,,0,90,,2005,220,,,0,90,,2006,220,,,0,90,,2002,220,,,0,50,,2003,220,,,0,90,,2001,220,,,0,90,,1998,220,,,0,90,,1996,220,,,0,90,,1988,220,,,0,90,,1993,220,,,0,50,,2000,220,,,0,90,,1989,220,,,0,90,,1990,220,,,0,90,,1997,220,,,0,90,,1992,220,,,0,90,,1999,220,,,0,50,,1995,220,,,0,90,,1994,220,,,0,90,,1991,220,,,0
19200,'Fête-2-01',535,,2781,300,0,29 30 2 32,0,70,,2778,360,0,29 30 2 32,0,30,,2783,360,0,29 30 2 32,0,70,,2782,360,0,29 30 2 32,0,30,,2780,360,0,29 30 2 32,0,70,,2779,360,0,29 30 2 32,0,30,,2777,360,0,29 30 2 32,0
19200,'Semaine-01',535,,2093,300,0,29 30 2 32,0,70,,2090,360,0,29 30 2 32,0,30,,2095,360,0,29 30 2 32,0,70,,2094,360,0,29 30 2 32,0,30,,2092,360,0,29 30 2 32,0,70,,2091,360,0,29 30 2 32,0,30,,2089,360,0,29 30 2 32,0
19201,'Fête-2-01',1613,,2791,350,0,29 30 2 32,0,33,,2790,350,0,29 30 2 32,0,75,,2789,350,0,29 30 2 32,0,36,,2787,350,0,29 30 2 32,0,78,,2788,350,0,29 30 2 32,0,71,,2785,350,0,29 30 2 32,0,31,,2786,350,0,29 30 2 32,0
19201,'Semaine-01',1613,,2103,350,0,29 30 2 32,0,33,,2102,350,0,29 30 2 32,0,75,,2101,350,0,29 30 2 32,0,36,,2099,350,0,29 30 2 32,0,78,,2100,350,0,29 30 2 32,0,71,,2097,350,0,29 30 2 32,0,31,,2098,350,0,29 30 2 32,0
49001,'Fête-2-01',624,,2947,170,,,0,26,,2948,170,,,0,70,,2949,170,,,0,29,,2950,170,,,0,70,,2944,170,,,0,30,,2942,170,,,0,70,,2943,170,,,0,115,,2951,170,,,0,100,,2945,170,,,0,100,,2946,170,,,0,98,,2952,170,,,0,94,,2953,170,,,0,93,,2941,170,,,0,83,,2940,170,,,0,31,,2939,170,,,0,72,,2935,170,,,0,30,,2938,170,,,0,71,,2937,170,,,0,32,,2936,170,,,0,64,,2934,170,,,0,55,,2933,170,,,0,95,,2954,170,,,0
49001,'Semaine-01',624,,2278,170,,,0,26,,2279,170,,,0,70,,2280,170,,,0,29,,2281,170,,,0,70,,2275,170,,,0,30,,2273,170,,,0,70,,2274,170,,,0,115,,2282,170,,,0,100,,2276,170,,,0,100,,2277,170,,,0,98,,2283,170,,,0,94,,2284,170,,,0,93,,2272,170,,,0,83,,2271,170,,,0,31,,2270,170,,,0,72,,2266,170,,,0,30,,2269,170,,,0,71,,2268,170,,,0,32,,2267,170,,,0,64,,2265,170,,,0,55,,2264,170,,,0,95,,2285,170,,,0
49101,'Fête-1-01',737,,3017,90,,,0,90,,3018,90,,,0,90,,3019,90,,,0,90,,3020,90,,,0,50,,3016,90,,,0,90,,3015,90,,,0,90,,3014,90,,,0,90,,3013,90,,,0,90,,3012,90,,,0,90,,3011,90,,,0,50,,3010,90,,,0,90,,3009,90,,,0,90,,3008,90,,,0,90,,3007,90,,,0,90,,3006,90,,,0,90,,3005,90,,,0,50,,3004,90,,,0,90,,3003,90,,,0,90,,3002,90,,,0
49101,'Fête-2-01',616,,3048,90,,,0,21,,3040,90,,,0,68,,3022,90,,,0,22,,3041,90,,,0,75,,3026,90,,,0,29,,3042,90,,,0,73,,3036,90,,,0,29,,3043,90,,,0,24,,3037,90,,,0,146,,3032,90,,,0,101,,3033,90,,,0,99,,3035,90,,,0,54,,3034,90,,,0,100,,3023,90,,,0,93,,3025,90,,,0,65,,3045,90,,,0,35,,3024,90,,,0,75,,3044,90,,,0,21,,3021,90,,,0,76,,3038,90,,,0,21,,3046,90,,,0,90,,3047,90,,,0,90,,3027,90,,,0,95,,3028,90,,,0,99,,3029,90,,,0,95,,3030,90,,,0,95,,3031,90,,,0,50,,3039,90,,,0
49101,'Semaine-01',616,,2398,90,,,0,21,,2390,90,,,0,68,,2372,90,,,0,22,,2391,90,,,0,75,,2376,90,,,0,29,,2392,90,,,0,73,,2386,90,,,0,29,,2393,90,,,0,24,,2387,90,,,0,146,,2382,90,,,0,101,,2383,90,,,0,99,,2385,90,,,0,54,,2384,90,,,0,100,,2373,90,,,0,93,,2375,90,,,0,65,,2395,90,,,0,35,,2374,90,,,0,75,,2394,90,,,0,21,,2371,90,,,0,76,,2388,90,,,0,21,,2396,90,,,0,90,,2397,90,,,0,90,,2377,90,,,0,95,,2378,90,,,0,99,,2379,90,,,0,95,,2380,90,,,0,95,,2381,90,,,0,50,,2389,90,,,0
49101,'Week-end-01',737,,2414,90,,,0,90,,2415,90,,,0,90,,2416,90,,,0,90,,2417,90,,,0,50,,2413,90,,,0,90,,2412,90,,,0,90,,2411,90,,,0,90,,2410,90,,,0,90,,2409,90,,,0,90,,2408,90,,,0,50,,2407,90,,,0,90,,2406,90,,,0,90,,2405,90,,,0,90,,2404,90,,,0,90,,2403,90,,,0,90,,2402,90,,,0,50,,2401,90,,,0,90,,2400,90,,,0,90,,2399,90,,,0
49301,'Fête-2-01',705,,3088,120,,,0,97,,3087,120,,,0,102,,3086,120,,,0,53,,3076,120,,,0,146,,3082,120,,,0,101,,3077,120,,,0,99,,3084,120,,,0,55,,3074,120,,,0,99,,3085,120,,,0,94,,3075,120,,,0,99,,3073,120,,,0,96,,3083,120,,,0,97,,3081,120,,,0,90,,3080,120,,,0,90,,3079,120,,,0,95,,3078,120,,,0
49301,'Semaine-01',705,,2449,120,,,0,23,,3094,120,,,0,74,,2448,120,,,0,30,,3095,120,,,0,72,,2447,120,,,0,29,,3092,120,,,0,24,,2437,120,,,0,146,,2443,120,,,0,101,,2438,120,,,0,99,,2445,120,,,0,55,,2435,120,,,0,99,,2446,120,,,0,62,,3090,120,,,0,32,,2436,120,,,0,64,,3091,120,,,0,35,,2434,120,,,0,75,,3089,120,,,0,21,,2444,120,,,0,76,,3093,120,,,0,21,,2442,120,,,0,90,,2441,120,,,0,90,,2440,120,,,0,95,,2439,120,,,0
