19000,'Fête-1-01',700,,2623,60,0,8,0,50,,2642,60,0,8,0,90,,2639,60,0,8,0,90,,2641,60,0,8,0,90,,2640,60,0,8,0,90,,2625,60,0,8,0,90,,2630,60,0,8,0,50,,2629,60,0,8,0,90,,2633,60,0,8,0,90,,2628,60,0,8,0,90,,2627,60,0,8,0,90,,2632,60,0,8,0,90,,2626,60,0,8,0,50,,2636,60,0,8,0,90,,2634,60,0,8,0,90,,2638,60,0,8,0,90,,2637,60,0,8,0,90,,2624,60,0,8,0,90,,2635,60,0,8,0,50,,2631,60,0,8,0
19000,'Fête-2-01',532,,2666,60,,,0,69,,2662,60,,,0,27,,2645,60,,,0,31,,2652,60,,,0,67,,2647,60,,,0,30,,2668,60,,,0,59,,2643,60,,,0,34,,2656,60,,,0,71,,2659,60,,,0,97,,2661,60,,,0,101,,2653,60,,,0,101,,2667,60,,,0,98,,2654,60,,,0,96,,2648,60,,,0,103,,2665,60,,,0,114,,2649,60,,,0,73,,2664,60,,,0,36,,2651,60,,,0,78,,2663,60,,,0,38,,2650,60,,,0,90,,2657,60,,,0,90,,2660,60,,,0,95,,2655,60,,,0,100,,2644,60,,,0,106,,2658,60,,,0,85,,2646,60,,,0
19000,'Semaine-01',532,,1918,60,,,0,69,,1914,60,,,0,27,,1897,60,,,0,31,,1904,60,,,0,67,,1899,60,,,0,30,,1920,60,,,0,59,,1895,60,,,0,34,,1908,60,,,0,71,,1911,60,,,0,97,,1913,60,,,0,101,,1905,60,,,0,101,,1919,60,,,0,98,,1906,60,,,0,96,,1900,60,,,0,103,,1917,60,,,0,114,,1901,60,,,0,73,,1916,60,,,0,36,,1903,60,,,0,78,,1915,60,,,0,38,,1902,60,,,0,90,,1909,60,,,0,90,,1912,60,,,0,95,,1907,60,,,0,100,,1896,60,,,0,106,,1910,60,,,0,85,,1898,60,,,0
19000,'Week-end-01',700,,1921,60,0,8,0,50,,1940,60,0,8,0,90,,1937,60,0,8,0,90,,1939,60,0,8,0,90,,1938,60,0,8,0,90,,1923,60,0,8,0,90,,1928,60,0,8,0,50,,1927,60,0,8,0,90,,1931,60,0,8,0,90,,1926,60,0,8,0,90,,1925,60,0,8,0,90,,1930,60,0,8,0,90,,1924,60,0,8,0,50,,1934,60,0,8,0,90,,1932,60,0,8,0,90,,1936,60,0,8,0,90,,1935,60,0,8,0,90,,1922,60,0,8,0,90,,1933,60,0,8,0,50,,1929,60,0,8,0
19200,'Fête-2-01',544,,2778,60,0,5 6 2 7,0,70,,2783,60,0,5 6 2 7,0,30,,2782,60,0,5 6 2 7,0,70,,2780,60,0,5 6 2 7,0,30,,2779,60,0,5 6 2 7,0,70,,2777,60,0,5 6 2 7,0
19200,'Semaine-01',544,,2090,60,0,5 6 2 7,0,70,,2095,60,0,5 6 2 7,0,30,,2094,60,0,5 6 2 7,0,70,,2092,60,0,5 6 2 7,0,30,,2091,60,0,5 6 2 7,0,70,,2089,60,0,5 6 2 7,0
19201,'Fête-2-01',1552,,2791,60,0,5 6 2 7,0,73,,2790,60,0,5 6 2 7,0,75,,2789,60,0,5 6 2 7,0,36,,2787,60,0,5 6 2 7,0,78,,2788,60,0,5 6 2 7,0,31,,2785,60,0,5 6 2 7,0,71,,2786,60,0,5 6 2 7,0,31,,2784,60,0,7,0
19201,'Semaine-01',1552,,2103,60,0,5 6 2 7,0,73,,2102,60,0,5 6 2 7,0,75,,2101,60,0,5 6 2 7,0,36,,2099,60,0,5 6 2 7,0,78,,2100,60,0,5 6 2 7,0,31,,2097,60,0,5 6 2 7,0,71,,2098,60,0,5 6 2 7,0,31,,2096,60,0,7,0
49100,'Fête-1-01',659,,2969,60,,,0,90,,2970,60,,,0,90,,2971,60,,,0,90,,2972,60,,,0,90,,2973,60,,,0,90,,2965,60,,,0,50,,2966,60,,,0,90,,2968,60,,,0,90,,2958,60,,,0,90,,2955,60,,,0,90,,2962,60,,,0,90,,2957,60,,,0,50,,2963,60,,,0,90,,2961,60,,,0,90,,2964,60,,,0,90,,2956,60,,,0,90,,2959,60,,,0,90,,2960,60,,,0,50,,2967,60,,,0
49100,'Fête-2-01',531,,3001,60,,,0,18,,2993,60,,,0,80,,2974,60,,,0,20,,2994,60,,,0,68,,2975,60,,,0,32,,2995,60,,,0,65,,2976,60,,,0,31,,2996,60,,,0,74,,2986,60,,,0,91,,2987,60,,,0,109,,2988,60,,,0,100,,2997,60,,,0,100,,2990,60,,,0,92,,2985,60,,,0,98,,2977,60,,,0,22,,2989,60,,,0,75,,2978,60,,,0,24,,2998,60,,,0,73,,2979,60,,,0,35,,2999,60,,,0,21,,2980,60,,,0,96,,3000,60,,,0,90,,2991,60,,,0,90,,2982,60,,,0,95,,2983,60,,,0,100,,2984,60,,,0,94,,2981,60,,,0,95,,2992,60,,,0
49100,'Semaine-01',531,,2332,60,,,0,18,,2324,60,,,0,80,,2305,60,,,0,20,,2325,60,,,0,68,,2306,60,,,0,32,,2326,60,,,0,65,,2307,60,,,0,31,,2327,60,,,0,74,,2317,60,,,0,91,,2318,60,,,0,109,,2319,60,,,0,100,,2328,60,,,0,100,,2321,60,,,0,92,,2316,60,,,0,98,,2308,60,,,0,22,,2320,60,,,0,75,,2309,60,,,0,24,,2329,60,,,0,73,,2310,60,,,0,35,,2330,60,,,0,21,,2311,60,,,0,96,,2331,60,,,0,90,,2322,60,,,0,90,,2313,60,,,0,95,,2314,60,,,0,100,,2315,60,,,0,94,,2312,60,,,0,95,,2323,60,,,0
49100,'Week-end-01',659,,2347,60,,,0,90,,2348,60,,,0,90,,2349,60,,,0,90,,2350,60,,,0,90,,2351,60,,,0,90,,2343,60,,,0,50,,2344,60,,,0,90,,2346,60,,,0,90,,2336,60,,,0,90,,2333,60,,,0,90,,2340,60,,,0,90,,2335,60,,,0,50,,2341,60,,,0,90,,2339,60,,,0,90,,2342,60,,,0,90,,2334,60,,,0,90,,2337,60,,,0,90,,2338,60,,,0,50,,2345,60,,,0
49300,'Fête-2-01',627,,3053,70,,,0,89,,3061,70,,,0,98,,3062,70,,,0,104,,3063,70,,,0,91,,3055,70,,,0,110,,3054,70,,,0,100,,3057,70,,,0,98,,3051,70,,,0,94,,3050,70,,,0,99,,3052,70,,,0,95,,3059,70,,,0,97,,3056,70,,,0,56,,3049,70,,,0,97,,3058,70,,,0,90,,3060,70,,,0,90,,3064,70,,,0
49300,'Semaine-01',627,,2422,70,,,0,22,,3070,70,,,0,67,,2430,70,,,0,33,,3071,70,,,0,65,,2431,70,,,0,32,,3072,70,,,0,72,,2432,70,,,0,32,,3066,70,,,0,59,,2424,70,,,0,110,,2423,70,,,0,100,,2426,70,,,0,98,,2420,70,,,0,94,,2419,70,,,0,27,,3065,70,,,0,72,,2421,70,,,0,22,,3068,70,,,0,73,,2428,70,,,0,24,,3067,70,,,0,73,,2425,70,,,0,35,,3069,70,,,0,21,,2418,70,,,0,97,,2427,70,,,0,90,,2429,70,,,0,90,,2433,70,,,0
