18800,'Fête-2-01',653,,2600,30,,,0,99,,2601,30,,,0,98,,2606,30,,,0,677,,2605,30,,,0,99,,2602,30,,,0,74,,2604,30,,,0,53,,2603,30,,,0,100,,2607,30,,,0,92,,2608,30,0,10,0
18800,'Semaine-01',653,,1852,30,,,0,99,,1853,30,,,0,98,,1858,30,,,0,677,,1857,30,,,0,99,,1854,30,,,0,74,,1856,30,,,0,53,,1855,30,,,0,100,,1859,30,,,0,92,,1860,30,0,10,0
18900,'Fête-2-01',1559,,2609,30,0,5 6 2 14,0,67,,2611,30,0,5 6 2 14,0,74,,2612,30,0,5 6 2 14,0,36,,2613,30,0,5 6 2 14,0,79,,2614,30,0,5 6 2 14,0,17,,2615,30,0,5 6 2 14,0,83,,2616,30,0,5 6 2 14,0,28,,2610,30,0,14,0
18900,'Semaine-01',1559,,1861,30,0,5 6 2 14,0,67,,1863,30,0,5 6 2 14,0,74,,1864,30,0,5 6 2 14,0,36,,1865,30,0,5 6 2 14,0,79,,1866,30,0,5 6 2 14,0,17,,1867,30,0,5 6 2 14,0,83,,1868,30,0,5 6 2 14,0,28,,1862,30,0,14,0
18901,'Fête-2-01',614,,2618,30,0,5 6 2 14,0,33,,2619,30,0,5 6 2 14,0,66,,2620,30,0,5 6 2 14,0,33,,2621,30,0,5 6 2 14,0,70,,2622,30,0,5 6 2 14,0
18901,'Semaine-01',614,,1870,30,0,5 6 2 14,0,33,,1871,30,0,5 6 2 14,0,66,,1872,30,0,5 6 2 14,0,33,,1873,30,0,5 6 2 14,0,70,,1874,30,0,5 6 2 14,0
19100,'Fête-1-01',657,,2715,30,0,8,0,180,,2718,30,0,8,0,180,,2720,30,0,8,0,140,,2717,30,0,8,0,180,,2716,30,0,8,0,180,,2721,30,0,8,0,140,,2719,30,0,8,0,180,,2722,30,0,8,0,180,,2723,30,0,8,0,140,,2724,30,0,8,0
19100,'Fête-2-01',528,,2726,30,,,0,28,,2736,30,,,0,67,,2730,30,,,0,32,,2727,30,,,0,66,,2734,30,,,0,31,,2735,30,,,0,60,,2740,30,,,0,35,,2741,30,,,0,100,,2742,30,,,0,100,,2743,30,,,0,100,,2744,30,,,0,100,,2745,30,,,0,96,,2738,30,,,0,93,,2739,30,,,0,97,,2737,30,,,0,94,,2731,30,,,0,73,,2728,30,,,0,36,,2729,30,,,0,79,,2733,30,,,0,38,,2732,30,,,0,62,,2725,30,,,0
19100,'Semaine-01',528,,2018,30,,,0,28,,2028,30,,,0,67,,2022,30,,,0,32,,2019,30,,,0,66,,2026,30,,,0,31,,2027,30,,,0,60,,2032,30,,,0,35,,2033,30,,,0,100,,2034,30,,,0,100,,2035,30,,,0,100,,2036,30,,,0,100,,2037,30,,,0,96,,2030,30,,,0,93,,2031,30,,,0,97,,2029,30,,,0,94,,2023,30,,,0,73,,2020,30,,,0,36,,2021,30,,,0,79,,2025,30,,,0,38,,2024,30,,,0,62,,2017,30,,,0
19100,'Week-end-01',657,,2038,30,0,8,0,180,,2041,30,0,8,0,180,,2043,30,0,8,0,140,,2040,30,0,8,0,180,,2039,30,0,8,0,180,,2044,30,0,8,0,140,,2042,30,0,8,0,180,,2045,30,0,8,0,180,,2046,30,0,8,0,140,,2047,30,0,8,0
69500,'Fête-2-01',540,,3148,30,0,5 6 2 9,0,100,,3149,30,0,5 6 2 9,0,108,,3151,30,0,5 6 2 9,0,108,,3147,30,0,5 6 2 9,0
69500,'Semaine-01',540,,2495,30,0,5 6 2 9,0,100,,2496,30,0,5 6 2 9,0,108,,2498,30,0,5 6 2 9,0,108,,2494,30,0,5 6 2 9,0
69501,'Fête-2-01',1505,,3155,30,0,5 6 2 9,0,118,,3153,30,0,5 6 2 9,0,115,,3152,30,0,5 6 2 9,0,113,,3154,30,0,5 6 2 9,0,90,,3156,30,0,9,0
69501,'Semaine-01',1505,,2502,30,0,5 6 2 9,0,118,,2500,30,0,5 6 2 9,0,115,,2499,30,0,5 6 2 9,0,113,,2501,30,0,5 6 2 9,0,90,,2503,30,0,9,0
