19001,'Fête-1-01',645,,2669,200,,,0,90,,2686,200,,,0,90,,2687,200,,,0,90,,2688,200,,,0,90,,2684,200,,,0,50,,2685,200,,,0,90,,2683,200,,,0,90,,2680,200,,,0,90,,2678,200,,,0,90,,2670,200,,,0,90,,2675,200,,,0,50,,2682,200,,,0,90,,2671,200,,,0,90,,2672,200,,,0,90,,2679,200,,,0,90,,2674,200,,,0,90,,2681,200,,,0,50,,2677,200,,,0,90,,2676,200,,,0,90,,2673,200,,,0
19001,'Fête-2-01',535,,2702,200,,,0,79,,2692,200,,,0,21,,2693,200,,,0,67,,2706,200,,,0,33,,2696,200,,,0,65,,2691,200,,,0,30,,2700,200,,,0,71,,2713,200,,,0,54,,2705,200,,,0,146,,2703,200,,,0,100,,2701,200,,,0,100,,2699,200,,,0,55,,2704,200,,,0,100,,2714,200,,,0,148,,2698,200,,,0,30,,2708,200,,,0,75,,2709,200,,,0,35,,2710,200,,,0,77,,2711,200,,,0,38,,2712,200,,,0,70,,2690,200,,,0,92,,2694,200,,,0,90,,2707,200,,,0,103,,2697,200,,,0,91,,2689,200,,,0,102,,2695,200,,,0
19001,'Semaine-01',535,,1974,200,,,0,79,,1964,200,,,0,21,,1965,200,,,0,67,,1978,200,,,0,33,,1968,200,,,0,65,,1963,200,,,0,30,,1972,200,,,0,71,,1985,200,,,0,54,,1977,200,,,0,146,,1975,200,,,0,100,,1973,200,,,0,100,,1971,200,,,0,55,,1976,200,,,0,100,,1986,200,,,0,148,,1970,200,,,0,30,,1980,200,,,0,75,,1981,200,,,0,35,,1982,200,,,0,77,,1983,200,,,0,38,,1984,200,,,0,70,,1962,200,,,0,92,,1966,200,,,0,90,,1979,200,,,0,103,,1969,200,,,0,91,,1961,200,,,0,102,,1967,200,,,0
19001,'Week-end-01',645,,1987,200,,,0,90,,2004,200,,,0,90,,2005,200,,,0,90,,2006,200,,,0,90,,2002,200,,,0,50,,2003,200,,,0,90,,2001,200,,,0,90,,1998,200,,,0,90,,1996,200,,,0,90,,1988,200,,,0,90,,1993,200,,,0,50,,2000,200,,,0,90,,1989,200,,,0,90,,1990,200,,,0,90,,1997,200,,,0,90,,1992,200,,,0,90,,1999,200,,,0,50,,1995,200,,,0,90,,1994,200,,,0,90,,1991,200,,,0
19200,'Fête-2-01',534,,2781,280,0,29 30 2 32,0,70,,2778,340,0,29 30 2 32,0,30,,2783,340,0,29 30 2 32,0,70,,2782,340,0,29 30 2 32,0,30,,2780,340,0,29 30 2 32,0,70,,2779,340,0,29 30 2 32,0,30,,2777,340,0,29 30 2 32,0
19200,'Semaine-01',534,,2093,280,0,29 30 2 32,0,70,,2090,340,0,29 30 2 32,0,30,,2095,340,0,29 30 2 32,0,70,,2094,340,0,29 30 2 32,0,30,,2092,340,0,29 30 2 32,0,70,,2091,340,0,29 30 2 32,0,30,,2089,340,0,29 30 2 32,0
19201,'Fête-2-01',1611,,2791,330,0,29 30 2 32,0,33,,2790,330,0,29 30 2 32,0,75,,2789,330,0,29 30 2 32,0,36,,2787,330,0,29 30 2 32,0,78,,2788,330,0,29 30 2 32,0,71,,2785,330,0,29 30 2 32,0,31,,2786,330,0,29 30 2 32,0
19201,'Semaine-01',1611,,2103,330,0,29 30 2 32,0,33,,2102,330,0,29 30 2 32,0,75,,2101,330,0,29 30 2 32,0,36,,2099,330,0,29 30 2 32,0,78,,2100,330,0,29 30 2 32,0,71,,2097,330,0,29 30 2 32,0,31,,2098,330,0,29 30 2 32,0
49001,'Fête-2-01',623,,2947,150,,,0,26,,2948,150,,,0,70,,2949,150,,,0,29,,2950,150,,,0,70,,2944,150,,,0,30,,2942,150,,,0,70,,2943,150,,,0,115,,2951,150,,,0,100,,2945,150,,,0,100,,2946,150,,,0,98,,2952,150,,,0,94,,2953,150,,,0,93,,2941,150,,,0,83,,2940,150,,,0,31,,2939,150,,,0,72,,2935,150,,,0,30,,2938,150,,,0,71,,2937,150,,,0,32,,2936,150,,,0,64,,2934,150,,,0,55,,2933,150,,,0,95,,2954,150,,,0
49001,'Semaine-01',623,,2278,150,,,0,26,,2279,150,,,0,70,,2280,150,,,0,29,,2281,150,,,0,70,,2275,150,,,0,30,,2273,150,,,0,70,,2274,150,,,0,115,,2282,150,,,0,100,,2276,150,,,0,100,,2277,150,,,0,98,,2283,150,,,0,94,,2284,150,,,0,93,,2272,150,,,0,83,,2271,150,,,0,31,,2270,150,,,0,72,,2266,150,,,0,30,,2269,150,,,0,71,,2268,150,,,0,32,,2267,150,,,0,64,,2265,150,,,0,55,,2264,150,,,0,95,,2285,150,,,0
49101,'Fête-1-01',736,,3017,70,,,0,90,,3018,70,,,0,90,,3019,70,,,0,90,,3020,70,,,0,50,,3016,70,,,0,90,,3015,70,,,0,90,,3014,70,,,0,90,,3013,70,,,0,90,,3012,70,,,0,90,,3011,70,,,0,50,,3010,70,,,0,90,,3009,70,,,0,90,,3008,70,,,0,90,,3007,70,,,0,90,,3006,70,,,0,90,,3005,70,,,0,50,,3004,70,,,0,90,,3003,70,,,0,90,,3002,70,,,0
49101,'Fête-2-01',615,,3048,70,,,0,21,,3040,70,,,0,68,,3022,70,,,0,22,,3041,70,,,0,75,,3026,70,,,0,29,,3042,70,,,0,73,,3036,70,,,0,29,,3043,70,,,0,24,,3037,70,,,0,146,,3032,70,,,0,101,,3033,70,,,0,99,,3035,70,,,0,54,,3034,70,,,0,100,,3023,70,,,0,93,,3025,70,,,0,65,,3045,70,,,0,35,,3024,70,,,0,75,,3044,70,,,0,21,,3021,70,,,0,76,,3038,70,,,0,21,,3046,70,,,0,90,,3047,70,,,0,90,,3027,70,,,0,95,,3028,70,,,0,99,,3029,70,,,0,95,,3030,70,,,0,95,,3031,70,,,0,50,,3039,70,,,0
49101,'Semaine-01',615,,2398,70,,,0,21,,2390,70,,,0,68,,2372,70,,,0,22,,2391,70,,,0,75,,2376,70,,,0,29,,2392,70,,,0,73,,2386,70,,,0,29,,2393,70,,,0,24,,2387,70,,,0,146,,2382,70,,,0,101,,2383,70,,,0,99,,2385,70,,,0,54,,2384,70,,,0,100,,2373,70,,,0,93,,2375,70,,,0,65,,2395,70,,,0,35,,2374,70,,,0,75,,2394,70,,,0,21,,2371,70,,,0,76,,2388,70,,,0,21,,2396,70,,,0,90,,2397,70,,,0,90,,2377,70,,,0,95,,2378,70,,,0,99,,2379,70,,,0,95,,2380,70,,,0,95,,2381,70,,,0,50,,2389,70,,,0
49101,'Week-end-01',736,,2414,70,,,0,90,,2415,70,,,0,90,,2416,70,,,0,90,,2417,70,,,0,50,,2413,70,,,0,90,,2412,70,,,0,90,,2411,70,,,0,90,,2410,70,,,0,90,,2409,70,,,0,90,,2408,70,,,0,50,,2407,70,,,0,90,,2406,70,,,0,90,,2405,70,,,0,90,,2404,70,,,0,90,,2403,70,,,0,90,,2402,70,,,0,50,,2401,70,,,0,90,,2400,70,,,0,90,,2399,70,,,0
49301,'Fête-2-01',704,,3088,100,,,0,97,,3087,100,,,0,102,,3086,100,,,0,53,,3076,100,,,0,146,,3082,100,,,0,101,,3077,100,,,0,99,,3084,100,,,0,55,,3074,100,,,0,99,,3085,100,,,0,94,,3075,100,,,0,99,,3073,100,,,0,96,,3083,100,,,0,97,,3081,100,,,0,90,,3080,100,,,0,90,,3079,100,,,0,95,,3078,100,,,0
49301,'Semaine-01',704,,2449,100,,,0,23,,3094,100,,,0,74,,2448,100,,,0,30,,3095,100,,,0,72,,2447,100,,,0,29,,3092,100,,,0,24,,2437,100,,,0,146,,2443,100,,,0,101,,2438,100,,,0,99,,2445,100,,,0,55,,2435,100,,,0,99,,2446,100,,,0,62,,3090,100,,,0,32,,2436,100,,,0,64,,3091,100,,,0,35,,2434,100,,,0,75,,3089,100,,,0,21,,2444,100,,,0,76,,3093,100,,,0,21,,2442,100,,,0,90,,2441,100,,,0,90,,2440,100,,,0,95,,2439,100,,,0
