18800,'Fête-2-01',637,,2599,260,,,0,100,,2600,360,,,0,99,,2601,360,,,0,98,,2606,360,,,0,674,,2605,360,,,0,100,,2602,360,,,0,34,,2604,360,,,0,94,,2603,360,,,0,99,,2607,360,,,0
18800,'Semaine-01',637,,1851,260,,,0,100,,1852,360,,,0,99,,1853,360,,,0,98,,1858,360,,,0,674,,1857,360,,,0,100,,1854,360,,,0,34,,1856,360,,,0,94,,1855,360,,,0,99,,1859,360,,,0
18900,'Fête-2-01',1642,,2609,460,0,5 6 2 14,0,67,,2611,460,0,5 6 2 14,0,34,,2612,460,0,5 6 2 14,0,76,,2613,460,0,5 6 2 14,0,39,,2614,460,0,5 6 2 14,0,57,,2615,460,0,5 6 2 14,0,43,,2616,460,0,5 6 2 14,0
18900,'Semaine-01',1642,,1861,460,0,5 6 2 14,0,67,,1863,460,0,5 6 2 14,0,34,,1864,460,0,5 6 2 14,0,76,,1865,460,0,5 6 2 14,0,39,,1866,460,0,5 6 2 14,0,57,,1867,460,0,5 6 2 14,0,43,,1868,460,0,5 6 2 14,0
18901,'Fête-2-01',637,,2617,430,0,5 6 2 14,0,66,,2618,460,0,5 6 2 14,0,33,,2619,460,0,5 6 2 14,0,66,,2620,460,0,5 6 2 14,0,33,,2621,460,0,5 6 2 14,0,70,,2622,460,0,5 6 2 14,0
18901,'Semaine-01',637,,1869,430,0,5 6 2 14,0,66,,1870,460,0,5 6 2 14,0,33,,1871,460,0,5 6 2 14,0,66,,1872,460,0,5 6 2 14,0,33,,1873,460,0,5 6 2 14,0,70,,1874,460,0,5 6 2 14,0
19101,'Fête-1-01',646,,2746,240,,,0,180,,2755,240,,,0,180,,2754,240,,,0,140,,2749,240,,,0,180,,2752,240,,,0,180,,2753,240,,,0,140,,2751,240,,,0,180,,2748,240,,,0,180,,2747,240,,,0,140,,2750,240,,,0
19101,'Fête-2-01',536,,2760,250,,,0,76,,2766,250,,,0,24,,2767,250,,,0,67,,2765,250,,,0,33,,2763,250,,,0,65,,2764,250,,,0,31,,2769,250,,,0,99,,2770,250,,,0,102,,2771,250,,,0,100,,2772,250,,,0,100,,2773,250,,,0,97,,2774,250,,,0,93,,2775,250,,,0,93,,2776,250,,,0,97,,2761,250,,,0,20,,2768,250,,,0,75,,2762,250,,,0,36,,2759,250,,,0,79,,2756,250,,,0,78,,2757,250,,,0,29,,2758,250,,,0
19101,'Semaine-01',536,,2062,250,,,0,76,,2068,250,,,0,24,,2069,250,,,0,67,,2067,250,,,0,33,,2065,250,,,0,65,,2066,250,,,0,31,,2071,250,,,0,99,,2072,250,,,0,102,,2073,250,,,0,100,,2074,250,,,0,100,,2075,250,,,0,97,,2076,250,,,0,93,,2077,250,,,0,93,,2078,250,,,0,97,,2063,250,,,0,20,,2070,250,,,0,75,,2064,250,,,0,36,,2061,250,,,0,79,,2058,250,,,0,78,,2059,250,,,0,29,,2060,250,,,0
19101,'Week-end-01',646,,2079,240,,,0,180,,2088,240,,,0,180,,2087,240,,,0,140,,2082,240,,,0,180,,2085,240,,,0,180,,2086,240,,,0,140,,2084,240,,,0,180,,2081,240,,,0,180,,2080,240,,,0,140,,2083,240,,,0
69500,'Fête-2-01',530,,3150,250,0,5 6 2 9,0,105,,3148,410,0,5 6 2 9,0,100,,3149,410,0,5 6 2 9,0,108,,3151,410,0,5 6 2 9,0,108,,3147,410,0,5 6 2 9,0
69500,'Semaine-01',530,,2497,250,0,5 6 2 9,0,105,,2495,410,0,5 6 2 9,0,100,,2496,410,0,5 6 2 9,0,108,,2498,410,0,5 6 2 9,0,108,,2494,410,0,5 6 2 9,0
69501,'Fête-2-01',1604,,3155,400,0,5 6 2 9,0,118,,3153,400,0,5 6 2 9,0,115,,3152,400,0,5 6 2 9,0,113,,3154,400,0,5 6 2 9,0
69501,'Semaine-01',1604,,2502,400,0,5 6 2 9,0,118,,2500,400,0,5 6 2 9,0,115,,2499,400,0,5 6 2 9,0,113,,2501,400,0,5 6 2 9,0
