19000,'Fête-1-01',658,,2623,40,0,8,0,90,,2642,40,0,8,0,90,,2639,40,0,8,0,90,,2641,40,0,8,0,90,,2640,40,0,8,0,90,,2625,40,0,8,0,50,,2630,40,0,8,0,90,,2629,40,0,8,0,90,,2633,40,0,8,0,90,,2628,40,0,8,0,90,,2627,40,0,8,0,90,,2632,40,0,8,0,50,,2626,40,0,8,0,90,,2636,40,0,8,0,90,,2634,40,0,8,0,90,,2638,40,0,8,0,90,,2637,40,0,8,0,90,,2624,40,0,8,0,50,,2635,40,0,8,0,90,,2631,40,0,8,0
19000,'Fête-2-01',530,,2666,40,,,0,29,,2662,40,,,0,67,,2645,40,,,0,31,,2652,40,,,0,67,,2647,40,,,0,30,,2668,40,,,0,59,,2643,40,,,0,34,,2656,40,,,0,71,,2659,40,,,0,97,,2661,40,,,0,101,,2653,40,,,0,101,,2667,40,,,0,98,,2654,40,,,0,96,,2648,40,,,0,103,,2665,40,,,0,114,,2649,40,,,0,73,,2664,40,,,0,36,,2651,40,,,0,78,,2663,40,,,0,38,,2650,40,,,0,90,,2657,40,,,0,90,,2660,40,,,0,95,,2655,40,,,0,100,,2644,40,,,0,106,,2658,40,,,0,85,,2646,40,,,0
19000,'Semaine-01',530,,1918,40,,,0,29,,1914,40,,,0,67,,1897,40,,,0,31,,1904,40,,,0,67,,1899,40,,,0,30,,1920,40,,,0,59,,1895,40,,,0,34,,1908,40,,,0,71,,1911,40,,,0,97,,1913,40,,,0,101,,1905,40,,,0,101,,1919,40,,,0,98,,1906,40,,,0,96,,1900,40,,,0,103,,1917,40,,,0,114,,1901,40,,,0,73,,1916,40,,,0,36,,1903,40,,,0,78,,1915,40,,,0,38,,1902,40,,,0,90,,1909,40,,,0,90,,1912,40,,,0,95,,1907,40,,,0,100,,1896,40,,,0,106,,1910,40,,,0,85,,1898,40,,,0
19000,'Week-end-01',658,,1921,40,0,8,0,90,,1940,40,0,8,0,90,,1937,40,0,8,0,90,,1939,40,0,8,0,90,,1938,40,0,8,0,90,,1923,40,0,8,0,50,,1928,40,0,8,0,90,,1927,40,0,8,0,90,,1931,40,0,8,0,90,,1926,40,0,8,0,90,,1925,40,0,8,0,90,,1930,40,0,8,0,50,,1924,40,0,8,0,90,,1934,40,0,8,0,90,,1932,40,0,8,0,90,,1936,40,0,8,0,90,,1935,40,0,8,0,90,,1922,40,0,8,0,50,,1933,40,0,8,0,90,,1929,40,0,8,0
19200,'Fête-2-01',543,,2778,40,0,5 6 2 7,0,70,,2783,40,0,5 6 2 7,0,30,,2782,40,0,5 6 2 7,0,70,,2780,40,0,5 6 2 7,0,30,,2779,40,0,5 6 2 7,0,70,,2777,40,0,5 6 2 7,0
19200,'Semaine-01',543,,2090,40,0,5 6 2 7,0,70,,2095,40,0,5 6 2 7,0,30,,2094,40,0,5 6 2 7,0,70,,2092,40,0,5 6 2 7,0,30,,2091,40,0,5 6 2 7,0,70,,2089,40,0,5 6 2 7,0
19201,'Fête-2-01',1551,,2791,40,0,5 6 2 7,0,73,,2790,40,0,5 6 2 7,0,35,,2789,40,0,5 6 2 7,0,76,,2787,40,0,5 6 2 7,0,78,,2788,40,0,5 6 2 7,0,31,,2785,40,0,5 6 2 7,0,71,,2786,40,0,5 6 2 7,0,31,,2784,40,0,7,0
19201,'Semaine-01',1551,,2103,40,0,5 6 2 7,0,73,,2102,40,0,5 6 2 7,0,35,,2101,40,0,5 6 2 7,0,76,,2099,40,0,5 6 2 7,0,78,,2100,40,0,5 6 2 7,0,31,,2097,40,0,5 6 2 7,0,71,,2098,40,0,5 6 2 7,0,31,,2096,40,0,7,0
49000,'Fête-2-01',608,,2922,40,,,0,30,,2911,40,,,0,65,,2912,40,,,0,30,,2921,40,,,0,70,,2919,40,,,0,27,,2920,40,,,0,73,,2924,40,,,0,35,,2926,40,,,0,110,,2925,40,,,0,100,,2932,40,,,0,99,,2931,40,,,0,97,,2928,40,,,0,93,,2927,40,,,0,77,,2915,40,,,0,34,,2917,40,,,0,66,,2918,40,,,0,32,,2913,40,,,0,71,,2916,40,,,0,31,,2923,40,,,0,69,,2914,40,,,0,97,,2930,40,,,0,94,,2929,40,,,0
49000,'Semaine-01',608,,2253,40,,,0,30,,2242,40,,,0,65,,2243,40,,,0,30,,2252,40,,,0,70,,2250,40,,,0,27,,2251,40,,,0,73,,2255,40,,,0,35,,2257,40,,,0,110,,2256,40,,,0,100,,2263,40,,,0,99,,2262,40,,,0,97,,2259,40,,,0,93,,2258,40,,,0,77,,2246,40,,,0,34,,2248,40,,,0,66,,2249,40,,,0,32,,2244,40,,,0,71,,2247,40,,,0,31,,2254,40,,,0,69,,2245,40,,,0,97,,2261,40,,,0,94,,2260,40,,,0
49100,'Fête-1-01',658,,2969,40,,,0,90,,2970,40,,,0,90,,2971,40,,,0,90,,2972,40,,,0,90,,2973,40,,,0,90,,2965,40,,,0,50,,2966,40,,,0,90,,2968,40,,,0,90,,2958,40,,,0,90,,2955,40,,,0,90,,2962,40,,,0,90,,2957,40,,,0,50,,2963,40,,,0,90,,2961,40,,,0,90,,2964,40,,,0,90,,2956,40,,,0,90,,2959,40,,,0,90,,2960,40,,,0,50,,2967,40,,,0
49100,'Fête-2-01',530,,3001,40,,,0,18,,2993,40,,,0,80,,2974,40,,,0,20,,2994,40,,,0,68,,2975,40,,,0,32,,2995,40,,,0,65,,2976,40,,,0,31,,2996,40,,,0,74,,2986,40,,,0,91,,2987,40,,,0,109,,2988,40,,,0,100,,2997,40,,,0,100,,2990,40,,,0,92,,2985,40,,,0,98,,2977,40,,,0,22,,2989,40,,,0,75,,2978,40,,,0,24,,2998,40,,,0,73,,2979,40,,,0,35,,2999,40,,,0,21,,2980,40,,,0,96,,3000,40,,,0,90,,2991,40,,,0,90,,2982,40,,,0,95,,2983,40,,,0,100,,2984,40,,,0,94,,2981,40,,,0,95,,2992,40,,,0
49100,'Semaine-01',530,,2332,40,,,0,18,,2324,40,,,0,80,,2305,40,,,0,20,,2325,40,,,0,68,,2306,40,,,0,32,,2326,40,,,0,65,,2307,40,,,0,31,,2327,40,,,0,74,,2317,40,,,0,91,,2318,40,,,0,109,,2319,40,,,0,100,,2328,40,,,0,100,,2321,40,,,0,92,,2316,40,,,0,98,,2308,40,,,0,22,,2320,40,,,0,75,,2309,40,,,0,24,,2329,40,,,0,73,,2310,40,,,0,35,,2330,40,,,0,21,,2311,40,,,0,96,,2331,40,,,0,90,,2322,40,,,0,90,,2313,40,,,0,95,,2314,40,,,0,100,,2315,40,,,0,94,,2312,40,,,0,95,,2323,40,,,0
49100,'Week-end-01',658,,2347,40,,,0,90,,2348,40,,,0,90,,2349,40,,,0,90,,2350,40,,,0,90,,2351,40,,,0,90,,2343,40,,,0,50,,2344,40,,,0,90,,2346,40,,,0,90,,2336,40,,,0,90,,2333,40,,,0,90,,2340,40,,,0,90,,2335,40,,,0,50,,2341,40,,,0,90,,2339,40,,,0,90,,2342,40,,,0,90,,2334,40,,,0,90,,2337,40,,,0,90,,2338,40,,,0,50,,2345,40,,,0
49300,'Fête-2-01',626,,3053,50,,,0,89,,3061,50,,,0,98,,3062,50,,,0,104,,3063,50,,,0,91,,3055,50,,,0,110,,3054,50,,,0,100,,3057,50,,,0,98,,3051,50,,,0,94,,3050,50,,,0,99,,3052,50,,,0,95,,3059,50,,,0,97,,3056,50,,,0,56,,3049,50,,,0,97,,3058,50,,,0,90,,3060,50,,,0,90,,3064,50,,,0
49300,'Semaine-01',626,,2422,50,,,0,22,,3070,50,,,0,67,,2430,50,,,0,33,,3071,50,,,0,65,,2431,50,,,0,32,,3072,50,,,0,72,,2432,50,,,0,32,,3066,50,,,0,59,,2424,50,,,0,110,,2423,50,,,0,100,,2426,50,,,0,98,,2420,50,,,0,94,,2419,50,,,0,27,,3065,50,,,0,72,,2421,50,,,0,22,,3068,50,,,0,73,,2428,50,,,0,24,,3067,50,,,0,73,,2425,50,,,0,35,,3069,50,,,0,21,,2418,50,,,0,97,,2427,50,,,0,90,,2429,50,,,0,90,,2433,50,,,0
