19001,'Fête-1-01',645,,2669,190,,,0,90,,2686,190,,,0,90,,2687,190,,,0,90,,2688,190,,,0,90,,2684,190,,,0,50,,2685,190,,,0,90,,2683,190,,,0,90,,2680,190,,,0,90,,2678,190,,,0,90,,2670,190,,,0,90,,2675,190,,,0,50,,2682,190,,,0,90,,2671,190,,,0,90,,2672,190,,,0,90,,2679,190,,,0,90,,2674,190,,,0,90,,2681,190,,,0,50,,2677,190,,,0,90,,2676,190,,,0,90,,2673,190,,,0
19001,'Fête-2-01',535,,2702,190,,,0,79,,2692,190,,,0,21,,2693,190,,,0,67,,2706,190,,,0,33,,2696,190,,,0,65,,2691,190,,,0,30,,2700,190,,,0,71,,2713,190,,,0,54,,2705,190,,,0,146,,2703,190,,,0,100,,2701,190,,,0,100,,2699,190,,,0,55,,2704,190,,,0,100,,2714,190,,,0,148,,2698,190,,,0,30,,2708,190,,,0,75,,2709,190,,,0,35,,2710,190,,,0,77,,2711,190,,,0,38,,2712,190,,,0,70,,2690,190,,,0,92,,2694,190,,,0,90,,2707,190,,,0,103,,2697,190,,,0,91,,2689,190,,,0,102,,2695,190,,,0
19001,'Semaine-01',535,,1974,190,,,0,79,,1964,190,,,0,21,,1965,190,,,0,67,,1978,190,,,0,33,,1968,190,,,0,65,,1963,190,,,0,30,,1972,190,,,0,71,,1985,190,,,0,54,,1977,190,,,0,146,,1975,190,,,0,100,,1973,190,,,0,100,,1971,190,,,0,55,,1976,190,,,0,100,,1986,190,,,0,148,,1970,190,,,0,30,,1980,190,,,0,75,,1981,190,,,0,35,,1982,190,,,0,77,,1983,190,,,0,38,,1984,190,,,0,70,,1962,190,,,0,92,,1966,190,,,0,90,,1979,190,,,0,103,,1969,190,,,0,91,,1961,190,,,0,102,,1967,190,,,0
19001,'Week-end-01',645,,1987,190,,,0,90,,2004,190,,,0,90,,2005,190,,,0,90,,2006,190,,,0,90,,2002,190,,,0,50,,2003,190,,,0,90,,2001,190,,,0,90,,1998,190,,,0,90,,1996,190,,,0,90,,1988,190,,,0,90,,1993,190,,,0,50,,2000,190,,,0,90,,1989,190,,,0,90,,1990,190,,,0,90,,1997,190,,,0,90,,1992,190,,,0,90,,1999,190,,,0,50,,1995,190,,,0,90,,1994,190,,,0,90,,1991,190,,,0
19200,'Fête-2-01',533,,2781,270,0,5 6 2 7,0,70,,2778,330,0,5 6 2 7,0,30,,2783,330,0,5 6 2 7,0,70,,2782,330,0,5 6 2 7,0,30,,2780,330,0,5 6 2 7,0,70,,2779,330,0,5 6 2 7,0,30,,2777,330,0,5 6 2 7,0
19200,'Semaine-01',533,,2093,270,0,5 6 2 7,0,70,,2090,330,0,5 6 2 7,0,30,,2095,330,0,5 6 2 7,0,70,,2094,330,0,5 6 2 7,0,30,,2092,330,0,5 6 2 7,0,70,,2091,330,0,5 6 2 7,0,30,,2089,330,0,5 6 2 7,0
19201,'Fête-2-01',1610,,2791,320,0,5 6 2 7,0,33,,2790,320,0,5 6 2 7,0,75,,2789,320,0,5 6 2 7,0,36,,2787,320,0,5 6 2 7,0,78,,2788,320,0,5 6 2 7,0,71,,2785,320,0,5 6 2 7,0,31,,2786,320,0,5 6 2 7,0
19201,'Semaine-01',1610,,2103,320,0,5 6 2 7,0,33,,2102,320,0,5 6 2 7,0,75,,2101,320,0,5 6 2 7,0,36,,2099,320,0,5 6 2 7,0,78,,2100,320,0,5 6 2 7,0,71,,2097,320,0,5 6 2 7,0,31,,2098,320,0,5 6 2 7,0
49101,'Fête-1-01',735,,3017,60,,,0,90,,3018,60,,,0,90,,3019,60,,,0,90,,3020,60,,,0,50,,3016,60,,,0,90,,3015,60,,,0,90,,3014,60,,,0,90,,3013,60,,,0,90,,3012,60,,,0,90,,3011,60,,,0,50,,3010,60,,,0,90,,3009,60,,,0,90,,3008,60,,,0,90,,3007,60,,,0,90,,3006,60,,,0,90,,3005,60,,,0,50,,3004,60,,,0,90,,3003,60,,,0,90,,3002,60,,,0
49101,'Fête-2-01',614,,3048,60,,,0,21,,3040,60,,,0,68,,3022,60,,,0,22,,3041,60,,,0,75,,3026,60,,,0,29,,3042,60,,,0,73,,3036,60,,,0,29,,3043,60,,,0,24,,3037,60,,,0,146,,3032,60,,,0,101,,3033,60,,,0,99,,3035,60,,,0,54,,3034,60,,,0,100,,3023,60,,,0,93,,3025,60,,,0,65,,3045,60,,,0,35,,3024,60,,,0,75,,3044,60,,,0,21,,3021,60,,,0,76,,3038,60,,,0,21,,3046,60,,,0,90,,3047,60,,,0,90,,3027,60,,,0,95,,3028,60,,,0,99,,3029,60,,,0,95,,3030,60,,,0,95,,3031,60,,,0,50,,3039,60,,,0
49101,'Semaine-01',614,,2398,60,,,0,21,,2390,60,,,0,68,,2372,60,,,0,22,,2391,60,,,0,75,,2376,60,,,0,29,,2392,60,,,0,73,,2386,60,,,0,29,,2393,60,,,0,24,,2387,60,,,0,146,,2382,60,,,0,101,,2383,60,,,0,99,,2385,60,,,0,54,,2384,60,,,0,100,,2373,60,,,0,93,,2375,60,,,0,65,,2395,60,,,0,35,,2374,60,,,0,75,,2394,60,,,0,21,,2371,60,,,0,76,,2388,60,,,0,21,,2396,60,,,0,90,,2397,60,,,0,90,,2377,60,,,0,95,,2378,60,,,0,99,,2379,60,,,0,95,,2380,60,,,0,95,,2381,60,,,0,50,,2389,60,,,0
49101,'Week-end-01',735,,2414,60,,,0,90,,2415,60,,,0,90,,2416,60,,,0,90,,2417,60,,,0,50,,2413,60,,,0,90,,2412,60,,,0,90,,2411,60,,,0,90,,2410,60,,,0,90,,2409,60,,,0,90,,2408,60,,,0,50,,2407,60,,,0,90,,2406,60,,,0,90,,2405,60,,,0,90,,2404,60,,,0,90,,2403,60,,,0,90,,2402,60,,,0,50,,2401,60,,,0,90,,2400,60,,,0,90,,2399,60,,,0
49301,'Fête-2-01',703,,3088,90,,,0,97,,3087,90,,,0,102,,3086,90,,,0,53,,3076,90,,,0,146,,3082,90,,,0,101,,3077,90,,,0,99,,3084,90,,,0,55,,3074,90,,,0,99,,3085,90,,,0,94,,3075,90,,,0,99,,3073,90,,,0,96,,3083,90,,,0,97,,3081,90,,,0,90,,3080,90,,,0,90,,3079,90,,,0,95,,3078,90,,,0
49301,'Semaine-01',703,,2449,90,,,0,23,,3094,90,,,0,74,,2448,90,,,0,30,,3095,90,,,0,72,,2447,90,,,0,29,,3092,90,,,0,24,,2437,90,,,0,146,,2443,90,,,0,101,,2438,90,,,0,99,,2445,90,,,0,55,,2435,90,,,0,99,,2446,90,,,0,62,,3090,90,,,0,32,,2436,90,,,0,64,,3091,90,,,0,35,,2434,90,,,0,75,,3089,90,,,0,21,,2444,90,,,0,76,,3093,90,,,0,21,,2442,90,,,0,90,,2441,90,,,0,90,,2440,90,,,0,95,,2439,90,,,0
