19000,'Fête-2-01',545,,2666,240,4,,0,69,,2662,240,4,,0,27,,2645,240,4,,0,71,,2652,240,4,,0,27,,2647,240,4,,0,70,,2668,240,4,,0,19,,2643,240,4,,0,74,,2656,240,4,,0,31,,2659,240,4,,0,97,,2661,240,4,,0,101,,2653,240,4,,0,102,,2667,240,4,,0,98,,2654,240,4,,0,96,,2648,240,4,,0,103,,2665,240,4,,0,115,,2649,240,4,,0,73,,2664,240,4,,0,36,,2651,240,4,,0,76,,2663,240,4,,0,78,,2650,240,4,,0,50,,2657,240,4,,0,90,,2660,240,4,,0,95,,2655,240,4,,0,100,,2644,240,4,,0,106,,2658,240,4,,0,85,,2646,240,4,,0
19000,'Semaine-01',545,,1918,240,4,,0,69,,1914,240,4,,0,27,,1897,240,4,,0,71,,1904,240,4,,0,27,,1899,240,4,,0,70,,1920,240,4,,0,19,,1895,240,4,,0,74,,1908,240,4,,0,31,,1911,240,4,,0,97,,1913,240,4,,0,101,,1905,240,4,,0,102,,1919,240,4,,0,98,,1906,240,4,,0,96,,1900,240,4,,0,103,,1917,240,4,,0,115,,1901,240,4,,0,73,,1916,240,4,,0,36,,1903,240,4,,0,76,,1915,240,4,,0,78,,1902,240,4,,0,50,,1909,240,4,,0,90,,1912,240,4,,0,95,,1907,240,4,,0,100,,1896,240,4,,0,106,,1910,240,4,,0,85,,1898,240,4,,0
19001,'Fête-2-01',521,,2702,10,,,0,37,,2692,10,,,0,61,,2693,10,,,0,27,,2706,10,,,0,73,,2696,10,,,0,25,,2691,10,,,0,70,,2700,10,,,0,31,,2713,10,,,0,94,,2705,10,,,0,106,,2703,10,,,0,100,,2701,10,,,0,99,,2699,10,,,0,95,,2704,10,,,0,100,,2714,10,,,0,106,,2698,10,,,0,70,3,2708,10,,,0,35,,2709,10,,,0,76,,2710,10,,,0,79,,2711,10,,,0,38,,2712,10,,,0,70,,2690,10,,,0,92,,2694,10,,,0,50,,2707,10,,,0,146,,2697,10,,,0,51,,2689,10,,,0,102,,2695,10,,,0
19001,'Semaine-01',521,,1974,10,,,0,37,,1964,10,,,0,61,,1965,10,,,0,27,,1978,10,,,0,73,,1968,10,,,0,25,,1963,10,,,0,70,,1972,10,,,0,31,,1985,10,,,0,94,,1977,10,,,0,106,,1975,10,,,0,100,,1973,10,,,0,99,,1971,10,,,0,95,,1976,10,,,0,100,,1986,10,,,0,106,,1970,10,,,0,70,3,1980,10,,,0,35,,1981,10,,,0,76,,1982,10,,,0,79,,1983,10,,,0,38,,1984,10,,,0,70,,1962,10,,,0,92,,1966,10,,,0,50,,1979,10,,,0,146,,1969,10,,,0,51,,1961,10,,,0,102,,1967,10,,,0
19100,'Fête-2-01',545,,2726,270,4,,0,68,,2736,270,4,,0,27,,2730,270,4,,0,72,,2727,270,4,,0,26,,2734,270,4,,0,71,,2735,270,4,,0,20,,2740,270,4,,0,75,,2741,270,4,,0,100,,2742,270,4,,0,100,,2743,270,4,,0,100,,2744,270,4,,0,100,,2745,270,4,,0,96,,2738,270,4,,0,53,,2739,270,4,,0,97,,2737,270,4,,0,94,,2731,270,4,,0,73,,2728,270,4,,0,36,,2729,270,4,,0,79,,2733,270,4,,0,78,,2732,270,4,,0,22,,2725,270,4,,0
19100,'Semaine-01',545,,2018,270,4,,0,68,,2028,270,4,,0,27,,2022,270,4,,0,72,,2019,270,4,,0,26,,2026,270,4,,0,71,,2027,270,4,,0,20,,2032,270,4,,0,75,,2033,270,4,,0,100,,2034,270,4,,0,100,,2035,270,4,,0,100,,2036,270,4,,0,100,,2037,270,4,,0,96,,2030,270,4,,0,53,,2031,270,4,,0,97,,2029,270,4,,0,94,,2023,270,4,,0,73,,2020,270,4,,0,36,,2021,270,4,,0,79,,2025,270,4,,0,78,,2024,270,4,,0,22,,2017,270,4,,0
19101,'Fête-2-01',518,,2760,10,,,0,36,,2766,10,,,0,64,,2767,10,,,0,27,,2765,10,,,0,73,,2763,10,,,0,25,,2764,10,,,0,71,,2769,10,,,0,99,,2770,10,,,0,102,,2771,10,,,0,100,,2772,10,,,0,100,,2773,10,,,0,97,,2774,10,,,0,93,,2775,10,,,0,53,,2776,10,,,0,97,,2761,10,,,0,60,3,2768,10,,,0,35,,2762,10,,,0,76,,2759,10,,,0,79,,2756,10,,,0,38,,2757,10,,,0,69,,2758,10,,,0
19101,'Semaine-01',518,,2062,10,,,0,36,,2068,10,,,0,64,,2069,10,,,0,27,,2067,10,,,0,73,,2065,10,,,0,25,,2066,10,,,0,71,,2071,10,,,0,99,,2072,10,,,0,102,,2073,10,,,0,100,,2074,10,,,0,100,,2075,10,,,0,97,,2076,10,,,0,93,,2077,10,,,0,53,,2078,10,,,0,97,,2063,10,,,0,60,3,2070,10,,,0,35,,2064,10,,,0,76,,2061,10,,,0,79,,2058,10,,,0,38,,2059,10,,,0,69,,2060,10,,,0
20001,'Fête-2-01',545,,2841,130,4,,0,61,,2842,10,0,15 8 2 16,0,16,,2842,200,4,,0,5,,2843,10,0,15 8 2 16,0,16,,2843,200,4,,0,5,,2844,10,0,15 8 2 16,0,56,,2844,200,4,,0,5,,2845,10,0,15 8 2 16,0,16,,2845,200,4,,0,5,,2850,10,0,15 8 2 16,0,16,,2850,200,4,,0,7,,2849,10,0,15 8 2 16,0,56,,2849,200,4,,0,5,,2852,10,0,15 8 2 16,0,16,,2852,200,4,,0,9,,2851,10,0,15 8 2 16,0,16,,2851,200,4,,0,60,,2853,10,0,15 8 2 16,0,16,,2853,200,4,,0,14,,2854,10,0,15 8 2 16,0,56,,2854,200,4,,0,14,,2861,10,0,15 8 2 16,0,16,,2861,200,4,,0,24,,2855,10,0,15 8 2 16,0,56,,2855,200,4,,0,5,,2862,10,0,15 8 2 16,0,16,,2862,200,4,,0,13,,2856,10,0,15 8 2 16,0,56,,2856,200,4,,0,14,,2863,10,0,15 8 2 16,0,16,,2863,200,4,,0,14,,2857,10,0,15 8 2 16,0,56,,2857,200,4,,0,14,,2864,10,0,15 8 2 16,0,16,,2864,200,4,,0,14,,2858,10,0,15 8 2 16,0,56,,2858,200,4,,0,14,,2865,10,0,15 8 2 16,0,16,,2865,200,4,,0,27,,2859,10,0,15 8 2 16,0,56,,2859,200,4,,0,31,,2866,10,0,15 8 2 16,0,56,,2866,200,4,,0,15,,2860,10,0,15 8 2 16,0,16,,2860,200,4,,0,17,,2847,10,0,15 8 2 16,0,56,,2847,200,4,,0,19,,2846,10,0,15 8 2 16,0,16,,2846,200,4,,0,5,,2837,10,0,15 8 2 16,0,56,,2837,200,4,,0,5,,2838,10,0,15 8 2 16,0,16,,2838,200,4,,0,20,,2839,10,0,15 8 2 16,0,16,,2839,200,4,,0,50,,2840,10,0,15 8 2 16,0,16,,2840,200,4,,0,8,,2848,10,,,0
20001,'Semaine-01',545,,2153,130,4,,0,61,,2154,10,0,15 8 2 16,0,16,,2154,200,4,,0,5,,2155,10,0,15 8 2 16,0,16,,2155,200,4,,0,5,,2156,10,0,15 8 2 16,0,56,,2156,200,4,,0,5,,2157,10,0,15 8 2 16,0,16,,2157,200,4,,0,5,,2162,10,0,15 8 2 16,0,16,,2162,200,4,,0,7,,2161,10,0,15 8 2 16,0,56,,2161,200,4,,0,5,,2164,10,0,15 8 2 16,0,16,,2164,200,4,,0,9,,2163,10,0,15 8 2 16,0,16,,2163,200,4,,0,60,,2165,10,0,15 8 2 16,0,16,,2165,200,4,,0,14,,2166,10,0,15 8 2 16,0,56,,2166,200,4,,0,14,,2173,10,0,15 8 2 16,0,16,,2173,200,4,,0,24,,2167,10,0,15 8 2 16,0,56,,2167,200,4,,0,5,,2174,10,0,15 8 2 16,0,16,,2174,200,4,,0,13,,2168,10,0,15 8 2 16,0,56,,2168,200,4,,0,14,,2175,10,0,15 8 2 16,0,16,,2175,200,4,,0,14,,2169,10,0,15 8 2 16,0,56,,2169,200,4,,0,14,,2176,10,0,15 8 2 16,0,16,,2176,200,4,,0,14,,2170,10,0,15 8 2 16,0,56,,2170,200,4,,0,14,,2177,10,0,15 8 2 16,0,16,,2177,200,4,,0,27,,2171,10,0,15 8 2 16,0,56,,2171,200,4,,0,31,,2178,10,0,15 8 2 16,0,56,,2178,200,4,,0,15,,2172,10,0,15 8 2 16,0,16,,2172,200,4,,0,17,,2159,10,0,15 8 2 16,0,56,,2159,200,4,,0,19,,2158,10,0,15 8 2 16,0,16,,2158,200,4,,0,5,,2149,10,0,15 8 2 16,0,56,,2149,200,4,,0,5,,2150,10,0,15 8 2 16,0,16,,2150,200,4,,0,20,,2151,10,0,15 8 2 16,0,16,,2151,200,4,,0,50,,2152,10,0,15 8 2 16,0,16,,2152,200,4,,0,8,,2160,10,,,0
59100,'Fête-2-01',550,,3100,10,,,0,99,,3096,10,,,0,103,,3097,10,,,0,157,,3102,10,,,0,106,,3101,10,,,0,443,,3103,10,,,0,150,,3098,10,,,0,118,,3099,10,,,0,116,,3104,10,,,0
59100,'Semaine-01',550,,2454,10,,,0,99,,2450,10,,,0,103,,2451,10,,,0,157,,2456,10,,,0,106,,2455,10,,,0,109,,3105,10,,,0,113,,3106,10,,,0,107,,3107,10,,,0,114,,2457,10,,,0,150,,2452,10,,,0,118,,2453,10,,,0,116,,2458,10,,,0
59101,'Fête-2-01',644,,3111,110,4,,0,102,,3110,110,4,,0,112,,3116,110,4,,0,152,,3114,110,4,,0,443,,3115,110,4,,0,150,,3108,110,4,,0,117,,3109,110,4,,0,117,,3112,110,4,,0,114,,3113,110,4,,0
59101,'Semaine-01',644,,2462,110,4,,0,102,,2461,110,4,,0,112,,2467,110,4,,0,152,,2465,110,4,,0,107,,3118,110,4,,0,114,,3117,110,4,,0,104,,3119,110,4,,0,118,,2466,110,4,,0,150,,2459,110,4,,0,117,,2460,110,4,,0,117,,2463,110,4,,0,114,,2464,110,4,,0
79300,'Fête-2-01',525,,3199,10,,,0,77,,3185,10,,,0,28,,3184,10,,,0,72,,3191,10,,,0,18,,3200,10,,,0,23,,3192,10,,,0,72,,3201,10,,,0,20,,3183,10,,,0,73,,3188,10,,,0,102,,3180,10,,,0,44,,3178,10,,,0,81,,3202,10,,,0,80,,3198,10,,,0,98,,3193,10,,,0,92,,3177,10,,,0,95,,3181,10,,,0,55,,3187,10,,,0,65,,3194,10,,,0,30,,3186,10,,,0,76,,3195,10,,,0,91,,3190,10,,,0,121,,3182,10,,,0,65,,3189,10,,,0,50,,3196,10,,,0,69,,3179,10,,,0,80,,3203,10,,,0,46,,3204,10,,,0,106,,3197,10,,,0
79300,'Semaine-01',525,,2566,10,,,0,77,,2552,10,,,0,28,,2551,10,,,0,72,,2558,10,,,0,18,,2567,10,,,0,23,,2559,10,,,0,72,,2568,10,,,0,20,,2550,10,,,0,73,,2555,10,,,0,32,,3205,10,,,0,70,,2547,10,,,0,44,,2545,10,,,0,81,,2569,10,,,0,80,,2565,10,,,0,98,,2560,10,,,0,21,,3206,10,,,0,71,,2544,10,,,0,95,,2548,10,,,0,55,,2554,10,,,0,65,,2561,10,,,0,30,,2553,10,,,0,76,,2562,10,,,0,91,,2557,10,,,0,121,,2549,10,,,0,65,,2556,10,,,0,50,,2563,10,,,0,69,,2546,10,,,0,80,,2570,10,,,0,46,,2571,10,,,0,106,,2564,10,,,0
79301,'Fête-2-01',640,,3210,280,4,,0,75,,3209,280,4,,0,33,,3223,280,4,,0,77,,3207,290,4,,0,78,,3208,280,4,,0,99,,3232,280,4,,0,40,,3216,280,4,,0,79,,3228,290,4,,0,83,,3224,280,4,,0,103,,3230,280,4,,0,93,,3217,280,4,,0,52,,3229,280,4,,0,88,,3220,280,4,,0,102,,3231,280,4,,0,71,,3215,280,4,,0,27,,3213,270,4,,0,68,,3214,280,4,,0,26,,3221,280,4,,0,71,,3212,280,4,,0,27,,3219,270,4,,0,22,,3211,290,4,,0,94,,3225,280,4,,0,69,,3233,280,4,,0,40,,3226,280,4,,0,86,,3218,280,4,,0,106,,3227,280,4,,0,106,,3222,280,4,,0
79301,'Semaine-01',614,,3234,280,4,,0,26,,2575,280,4,,0,75,,2574,280,4,,0,33,,2588,280,4,,0,77,,2572,290,4,,0,78,,2573,280,4,,0,29,,3237,280,4,,0,70,,2597,280,4,,0,40,,2581,280,4,,0,79,,2593,290,4,,0,83,,2589,280,4,,0,37,,3236,280,4,,0,66,,2595,280,4,,0,93,,2582,280,4,,0,52,,2594,280,4,,0,88,,2585,280,4,,0,70,,3235,280,4,,0,32,,2596,280,4,,0,71,,2580,280,4,,0,27,,2578,270,4,,0,68,,2579,280,4,,0,26,,2586,280,4,,0,71,,2577,280,4,,0,27,,2584,270,4,,0,22,,2576,290,4,,0,94,,2590,280,4,,0,69,,2598,280,4,,0,40,,2591,280,4,,0,86,,2583,280,4,,0,106,,2592,280,4,,0,106,,2587,280,4,,0
