19000,'Fête-1-01',659,,2623,50,0,40,0,90,,2642,50,0,40,0,90,,2639,50,0,40,0,90,,2641,50,0,40,0,90,,2640,50,0,40,0,90,,2625,50,0,40,0,50,,2630,50,0,40,0,90,,2629,50,0,40,0,90,,2633,50,0,40,0,90,,2628,50,0,40,0,90,,2627,50,0,40,0,90,,2632,50,0,40,0,50,,2626,50,0,40,0,90,,2636,50,0,40,0,90,,2634,50,0,40,0,90,,2638,50,0,40,0,90,,2637,50,0,40,0,90,,2624,50,0,40,0,50,,2635,50,0,40,0,90,,2631,50,0,40,0
19000,'Fête-2-01',531,,2666,50,,,0,69,,2662,50,,,0,27,,2645,50,,,0,31,,2652,50,,,0,67,,2647,50,,,0,30,,2668,50,,,0,59,,2643,50,,,0,34,,2656,50,,,0,71,,2659,50,,,0,97,,2661,50,,,0,101,,2653,50,,,0,101,,2667,50,,,0,98,,2654,50,,,0,96,,2648,50,,,0,103,,2665,50,,,0,114,,2649,50,,,0,73,,2664,50,,,0,36,,2651,50,,,0,78,,2663,50,,,0,38,,2650,50,,,0,90,,2657,50,,,0,90,,2660,50,,,0,95,,2655,50,,,0,100,,2644,50,,,0,106,,2658,50,,,0,85,,2646,50,,,0
19000,'Semaine-01',531,,1918,50,,,0,69,,1914,50,,,0,27,,1897,50,,,0,31,,1904,50,,,0,67,,1899,50,,,0,30,,1920,50,,,0,59,,1895,50,,,0,34,,1908,50,,,0,71,,1911,50,,,0,97,,1913,50,,,0,101,,1905,50,,,0,101,,1919,50,,,0,98,,1906,50,,,0,96,,1900,50,,,0,103,,1917,50,,,0,114,,1901,50,,,0,73,,1916,50,,,0,36,,1903,50,,,0,78,,1915,50,,,0,38,,1902,50,,,0,90,,1909,50,,,0,90,,1912,50,,,0,95,,1907,50,,,0,100,,1896,50,,,0,106,,1910,50,,,0,85,,1898,50,,,0
19000,'Week-end-01',659,,1921,50,0,40,0,90,,1940,50,0,40,0,90,,1937,50,0,40,0,90,,1939,50,0,40,0,90,,1938,50,0,40,0,90,,1923,50,0,40,0,50,,1928,50,0,40,0,90,,1927,50,0,40,0,90,,1931,50,0,40,0,90,,1926,50,0,40,0,90,,1925,50,0,40,0,90,,1930,50,0,40,0,50,,1924,50,0,40,0,90,,1934,50,0,40,0,90,,1932,50,0,40,0,90,,1936,50,0,40,0,90,,1935,50,0,40,0,90,,1922,50,0,40,0,50,,1933,50,0,40,0,90,,1929,50,0,40,0
19200,'Fête-2-01',544,,2778,50,0,29 30 2 32,0,70,,2783,50,0,29 30 2 32,0,30,,2782,50,0,29 30 2 32,0,70,,2780,50,0,29 30 2 32,0,30,,2779,50,0,29 30 2 32,0,70,,2777,50,0,29 30 2 32,0
19200,'Semaine-01',544,,2090,50,0,29 30 2 32,0,70,,2095,50,0,29 30 2 32,0,30,,2094,50,0,29 30 2 32,0,70,,2092,50,0,29 30 2 32,0,30,,2091,50,0,29 30 2 32,0,70,,2089,50,0,29 30 2 32,0
19201,'Fête-2-01',1552,,2791,50,0,29 30 2 32,0,73,,2790,50,0,29 30 2 32,0,75,,2789,50,0,29 30 2 32,0,36,,2787,50,0,29 30 2 32,0,78,,2788,50,0,29 30 2 32,0,31,,2785,50,0,29 30 2 32,0,71,,2786,50,0,29 30 2 32,0,31,,2784,50,0,32,0
19201,'Semaine-01',1552,,2103,50,0,29 30 2 32,0,73,,2102,50,0,29 30 2 32,0,75,,2101,50,0,29 30 2 32,0,36,,2099,50,0,29 30 2 32,0,78,,2100,50,0,29 30 2 32,0,31,,2097,50,0,29 30 2 32,0,71,,2098,50,0,29 30 2 32,0,31,,2096,50,0,32,0
49000,'Fête-2-01',609,,2922,50,,,0,30,,2911,50,,,0,65,,2912,50,,,0,30,,2921,50,,,0,70,,2919,50,,,0,27,,2920,50,,,0,73,,2924,50,,,0,35,,2926,50,,,0,110,,2925,50,,,0,100,,2932,50,,,0,99,,2931,50,,,0,97,,2928,50,,,0,93,,2927,50,,,0,77,,2915,50,,,0,34,,2917,50,,,0,66,,2918,50,,,0,32,,2913,50,,,0,71,,2916,50,,,0,31,,2923,50,,,0,69,,2914,50,,,0,97,,2930,50,,,0,94,,2929,50,,,0
49000,'Semaine-01',609,,2253,50,,,0,30,,2242,50,,,0,65,,2243,50,,,0,30,,2252,50,,,0,70,,2250,50,,,0,27,,2251,50,,,0,73,,2255,50,,,0,35,,2257,50,,,0,110,,2256,50,,,0,100,,2263,50,,,0,99,,2262,50,,,0,97,,2259,50,,,0,93,,2258,50,,,0,77,,2246,50,,,0,34,,2248,50,,,0,66,,2249,50,,,0,32,,2244,50,,,0,71,,2247,50,,,0,31,,2254,50,,,0,69,,2245,50,,,0,97,,2261,50,,,0,94,,2260,50,,,0
49100,'Fête-1-01',659,,2969,50,,,0,90,,2970,50,,,0,90,,2971,50,,,0,90,,2972,50,,,0,90,,2973,50,,,0,90,,2965,50,,,0,50,,2966,50,,,0,90,,2968,50,,,0,90,,2958,50,,,0,90,,2955,50,,,0,90,,2962,50,,,0,90,,2957,50,,,0,50,,2963,50,,,0,90,,2961,50,,,0,90,,2964,50,,,0,90,,2956,50,,,0,90,,2959,50,,,0,90,,2960,50,,,0,50,,2967,50,,,0
49100,'Fête-2-01',531,,3001,50,,,0,18,,2993,50,,,0,80,,2974,50,,,0,20,,2994,50,,,0,68,,2975,50,,,0,32,,2995,50,,,0,65,,2976,50,,,0,31,,2996,50,,,0,74,,2986,50,,,0,91,,2987,50,,,0,109,,2988,50,,,0,100,,2997,50,,,0,100,,2990,50,,,0,92,,2985,50,,,0,98,,2977,50,,,0,22,,2989,50,,,0,75,,2978,50,,,0,24,,2998,50,,,0,73,,2979,50,,,0,35,,2999,50,,,0,21,,2980,50,,,0,96,,3000,50,,,0,90,,2991,50,,,0,90,,2982,50,,,0,95,,2983,50,,,0,100,,2984,50,,,0,94,,2981,50,,,0,95,,2992,50,,,0
49100,'Semaine-01',531,,2332,50,,,0,18,,2324,50,,,0,80,,2305,50,,,0,20,,2325,50,,,0,68,,2306,50,,,0,32,,2326,50,,,0,65,,2307,50,,,0,31,,2327,50,,,0,74,,2317,50,,,0,91,,2318,50,,,0,109,,2319,50,,,0,100,,2328,50,,,0,100,,2321,50,,,0,92,,2316,50,,,0,98,,2308,50,,,0,22,,2320,50,,,0,75,,2309,50,,,0,24,,2329,50,,,0,73,,2310,50,,,0,35,,2330,50,,,0,21,,2311,50,,,0,96,,2331,50,,,0,90,,2322,50,,,0,90,,2313,50,,,0,95,,2314,50,,,0,100,,2315,50,,,0,94,,2312,50,,,0,95,,2323,50,,,0
49100,'Week-end-01',659,,2347,50,,,0,90,,2348,50,,,0,90,,2349,50,,,0,90,,2350,50,,,0,90,,2351,50,,,0,90,,2343,50,,,0,50,,2344,50,,,0,90,,2346,50,,,0,90,,2336,50,,,0,90,,2333,50,,,0,90,,2340,50,,,0,90,,2335,50,,,0,50,,2341,50,,,0,90,,2339,50,,,0,90,,2342,50,,,0,90,,2334,50,,,0,90,,2337,50,,,0,90,,2338,50,,,0,50,,2345,50,,,0
49300,'Fête-2-01',627,,3053,60,,,0,89,,3061,60,,,0,98,,3062,60,,,0,104,,3063,60,,,0,91,,3055,60,,,0,110,,3054,60,,,0,100,,3057,60,,,0,98,,3051,60,,,0,94,,3050,60,,,0,99,,3052,60,,,0,95,,3059,60,,,0,97,,3056,60,,,0,56,,3049,60,,,0,97,,3058,60,,,0,90,,3060,60,,,0,90,,3064,60,,,0
49300,'Semaine-01',627,,2422,60,,,0,22,,3070,60,,,0,67,,2430,60,,,0,33,,3071,60,,,0,65,,2431,60,,,0,32,,3072,60,,,0,72,,2432,60,,,0,32,,3066,60,,,0,59,,2424,60,,,0,110,,2423,60,,,0,100,,2426,60,,,0,98,,2420,60,,,0,94,,2419,60,,,0,27,,3065,60,,,0,72,,2421,60,,,0,22,,3068,60,,,0,73,,2428,60,,,0,24,,3067,60,,,0,73,,2425,60,,,0,35,,3069,60,,,0,21,,2418,60,,,0,97,,2427,60,,,0,90,,2429,60,,,0,90,,2433,60,,,0
