18800,'Fête-2-01',652,,2600,20,,,0,99,,2601,20,,,0,98,,2606,20,,,0,677,,2605,20,,,0,99,,2602,20,,,0,34,,2604,20,,,0,93,,2603,20,,,0,100,,2607,20,,,0,92,,2608,20,0,5,0
18800,'Semaine-01',652,,1852,20,,,0,99,,1853,20,,,0,98,,1858,20,,,0,677,,1857,20,,,0,99,,1854,20,,,0,34,,1856,20,,,0,93,,1855,20,,,0,100,,1859,20,,,0,92,,1860,20,0,5,0
18900,'Fête-2-01',1559,,2609,20,0,29 30 2 24,0,67,,2611,20,0,29 30 2 24,0,74,,2612,20,0,29 30 2 24,0,36,,2613,20,0,29 30 2 24,0,79,,2614,20,0,29 30 2 24,0,17,,2615,20,0,29 30 2 24,0,83,,2616,20,0,29 30 2 24,0,28,,2610,20,0,24,0
18900,'Semaine-01',1559,,1861,20,0,29 30 2 24,0,67,,1863,20,0,29 30 2 24,0,74,,1864,20,0,29 30 2 24,0,36,,1865,20,0,29 30 2 24,0,79,,1866,20,0,29 30 2 24,0,17,,1867,20,0,29 30 2 24,0,83,,1868,20,0,29 30 2 24,0,28,,1862,20,0,24,0
18901,'Fête-2-01',614,,2618,20,0,29 30 2 24,0,33,,2619,20,0,29 30 2 24,0,66,,2620,20,0,29 30 2 24,0,33,,2621,20,0,29 30 2 24,0,70,,2622,20,0,29 30 2 24,0
18901,'Semaine-01',614,,1870,20,0,29 30 2 24,0,33,,1871,20,0,29 30 2 24,0,66,,1872,20,0,29 30 2 24,0,33,,1873,20,0,29 30 2 24,0,70,,1874,20,0,29 30 2 24,0
19100,'Fête-1-01',656,,2715,20,0,40,0,180,,2718,20,0,40,0,180,,2720,20,0,40,0,140,,2717,20,0,40,0,180,,2716,20,0,40,0,180,,2721,20,0,40,0,140,,2719,20,0,40,0,180,,2722,20,0,40,0,180,,2723,20,0,40,0,140,,2724,20,0,40,0
19100,'Fête-2-01',527,,2726,20,,,0,28,,2736,20,,,0,67,,2730,20,,,0,32,,2727,20,,,0,66,,2734,20,,,0,31,,2735,20,,,0,60,,2740,20,,,0,35,,2741,20,,,0,100,,2742,20,,,0,100,,2743,20,,,0,100,,2744,20,,,0,100,,2745,20,,,0,96,,2738,20,,,0,93,,2739,20,,,0,97,,2737,20,,,0,94,,2731,20,,,0,33,,2728,20,,,0,76,,2729,20,,,0,79,,2733,20,,,0,38,,2732,20,,,0,62,,2725,20,,,0
19100,'Semaine-01',527,,2018,20,,,0,28,,2028,20,,,0,67,,2022,20,,,0,32,,2019,20,,,0,66,,2026,20,,,0,31,,2027,20,,,0,60,,2032,20,,,0,35,,2033,20,,,0,100,,2034,20,,,0,100,,2035,20,,,0,100,,2036,20,,,0,100,,2037,20,,,0,96,,2030,20,,,0,93,,2031,20,,,0,97,,2029,20,,,0,94,,2023,20,,,0,33,,2020,20,,,0,76,,2021,20,,,0,79,,2025,20,,,0,38,,2024,20,,,0,62,,2017,20,,,0
19100,'Week-end-01',656,,2038,20,0,40,0,180,,2041,20,0,40,0,180,,2043,20,0,40,0,140,,2040,20,0,40,0,180,,2039,20,0,40,0,180,,2044,20,0,40,0,140,,2042,20,0,40,0,180,,2045,20,0,40,0,180,,2046,20,0,40,0,140,,2047,20,0,40,0
69500,'Fête-2-01',540,,3148,20,0,29 30 2 23,0,100,,3149,20,0,29 30 2 23,0,108,,3151,20,0,29 30 2 23,0,108,,3147,20,0,29 30 2 23,0
69500,'Semaine-01',540,,2495,20,0,29 30 2 23,0,100,,2496,20,0,29 30 2 23,0,108,,2498,20,0,29 30 2 23,0,108,,2494,20,0,29 30 2 23,0
69501,'Fête-2-01',1505,,3155,20,0,29 30 2 23,0,118,,3153,20,0,29 30 2 23,0,115,,3152,20,0,29 30 2 23,0,113,,3154,20,0,29 30 2 23,0,90,,3156,20,0,23,0
69501,'Semaine-01',1505,,2502,20,0,29 30 2 23,0,118,,2500,20,0,29 30 2 23,0,115,,2499,20,0,29 30 2 23,0,113,,2501,20,0,29 30 2 23,0,90,,2503,20,0,23,0
