19001,'Fête-1-01',646,,2669,210,,,0,90,,2686,210,,,0,90,,2687,210,,,0,90,,2688,210,,,0,90,,2684,210,,,0,50,,2685,210,,,0,90,,2683,210,,,0,90,,2680,210,,,0,90,,2678,210,,,0,90,,2670,210,,,0,90,,2675,210,,,0,50,,2682,210,,,0,90,,2671,210,,,0,90,,2672,210,,,0,90,,2679,210,,,0,90,,2674,210,,,0,90,,2681,210,,,0,50,,2677,210,,,0,90,,2676,210,,,0,90,,2673,210,,,0
19001,'Fête-2-01',536,,2702,210,,,0,79,,2692,210,,,0,21,,2693,210,,,0,67,,2706,210,,,0,33,,2696,210,,,0,65,,2691,210,,,0,30,,2700,210,,,0,71,,2713,210,,,0,54,,2705,210,,,0,146,,2703,210,,,0,100,,2701,210,,,0,100,,2699,210,,,0,55,,2704,210,,,0,100,,2714,210,,,0,148,,2698,210,,,0,30,,2708,210,,,0,75,,2709,210,,,0,35,,2710,210,,,0,77,,2711,210,,,0,78,,2712,210,,,0,30,,2690,210,,,0,92,,2694,210,,,0,90,,2707,210,,,0,103,,2697,210,,,0,91,,2689,210,,,0,102,,2695,210,,,0
19001,'Semaine-01',536,,1974,210,,,0,79,,1964,210,,,0,21,,1965,210,,,0,67,,1978,210,,,0,33,,1968,210,,,0,65,,1963,210,,,0,30,,1972,210,,,0,71,,1985,210,,,0,54,,1977,210,,,0,146,,1975,210,,,0,100,,1973,210,,,0,100,,1971,210,,,0,55,,1976,210,,,0,100,,1986,210,,,0,148,,1970,210,,,0,30,,1980,210,,,0,75,,1981,210,,,0,35,,1982,210,,,0,77,,1983,210,,,0,78,,1984,210,,,0,30,,1962,210,,,0,92,,1966,210,,,0,90,,1979,210,,,0,103,,1969,210,,,0,91,,1961,210,,,0,102,,1967,210,,,0
19001,'Week-end-01',646,,1987,210,,,0,90,,2004,210,,,0,90,,2005,210,,,0,90,,2006,210,,,0,90,,2002,210,,,0,50,,2003,210,,,0,90,,2001,210,,,0,90,,1998,210,,,0,90,,1996,210,,,0,90,,1988,210,,,0,90,,1993,210,,,0,50,,2000,210,,,0,90,,1989,210,,,0,90,,1990,210,,,0,90,,1997,210,,,0,90,,1992,210,,,0,90,,1999,210,,,0,50,,1995,210,,,0,90,,1994,210,,,0,90,,1991,210,,,0
19200,'Fête-2-01',534,,2781,290,0,5 6 2 7,0,70,,2778,350,0,5 6 2 7,0,30,,2783,350,0,5 6 2 7,0,70,,2782,350,0,5 6 2 7,0,30,,2780,350,0,5 6 2 7,0,70,,2779,350,0,5 6 2 7,0,30,,2777,350,0,5 6 2 7,0
19200,'Semaine-01',534,,2093,290,0,5 6 2 7,0,70,,2090,350,0,5 6 2 7,0,30,,2095,350,0,5 6 2 7,0,70,,2094,350,0,5 6 2 7,0,30,,2092,350,0,5 6 2 7,0,70,,2091,350,0,5 6 2 7,0,30,,2089,350,0,5 6 2 7,0
19201,'Fête-2-01',1612,,2791,340,0,5 6 2 7,0,33,,2790,340,0,5 6 2 7,0,75,,2789,340,0,5 6 2 7,0,36,,2787,340,0,5 6 2 7,0,78,,2788,340,0,5 6 2 7,0,71,,2785,340,0,5 6 2 7,0,31,,2786,340,0,5 6 2 7,0
19201,'Semaine-01',1612,,2103,340,0,5 6 2 7,0,33,,2102,340,0,5 6 2 7,0,75,,2101,340,0,5 6 2 7,0,36,,2099,340,0,5 6 2 7,0,78,,2100,340,0,5 6 2 7,0,71,,2097,340,0,5 6 2 7,0,31,,2098,340,0,5 6 2 7,0
49001,'Fête-2-01',623,,2947,160,,,0,26,,2948,160,,,0,70,,2949,160,,,0,29,,2950,160,,,0,70,,2944,160,,,0,30,,2942,160,,,0,70,,2943,160,,,0,115,,2951,160,,,0,100,,2945,160,,,0,100,,2946,160,,,0,98,,2952,160,,,0,94,,2953,160,,,0,93,,2941,160,,,0,83,,2940,160,,,0,31,,2939,160,,,0,72,,2935,160,,,0,30,,2938,160,,,0,71,,2937,160,,,0,32,,2936,160,,,0,64,,2934,160,,,0,55,,2933,160,,,0,95,,2954,160,,,0
49001,'Semaine-01',623,,2278,160,,,0,26,,2279,160,,,0,70,,2280,160,,,0,29,,2281,160,,,0,70,,2275,160,,,0,30,,2273,160,,,0,70,,2274,160,,,0,115,,2282,160,,,0,100,,2276,160,,,0,100,,2277,160,,,0,98,,2283,160,,,0,94,,2284,160,,,0,93,,2272,160,,,0,83,,2271,160,,,0,31,,2270,160,,,0,72,,2266,160,,,0,30,,2269,160,,,0,71,,2268,160,,,0,32,,2267,160,,,0,64,,2265,160,,,0,55,,2264,160,,,0,95,,2285,160,,,0
49101,'Fête-1-01',736,,3017,80,,,0,90,,3018,80,,,0,90,,3019,80,,,0,90,,3020,80,,,0,50,,3016,80,,,0,90,,3015,80,,,0,90,,3014,80,,,0,90,,3013,80,,,0,90,,3012,80,,,0,90,,3011,80,,,0,50,,3010,80,,,0,90,,3009,80,,,0,90,,3008,80,,,0,90,,3007,80,,,0,90,,3006,80,,,0,90,,3005,80,,,0,50,,3004,80,,,0,90,,3003,80,,,0,90,,3002,80,,,0
49101,'Fête-2-01',615,,3048,80,,,0,21,,3040,80,,,0,68,,3022,80,,,0,22,,3041,80,,,0,75,,3026,80,,,0,29,,3042,80,,,0,73,,3036,80,,,0,29,,3043,80,,,0,24,,3037,80,,,0,146,,3032,80,,,0,101,,3033,80,,,0,99,,3035,80,,,0,54,,3034,80,,,0,100,,3023,80,,,0,93,,3025,80,,,0,65,,3045,80,,,0,35,,3024,80,,,0,75,,3044,80,,,0,21,,3021,80,,,0,76,,3038,80,,,0,21,,3046,80,,,0,90,,3047,80,,,0,90,,3027,80,,,0,95,,3028,80,,,0,99,,3029,80,,,0,95,,3030,80,,,0,95,,3031,80,,,0,50,,3039,80,,,0
49101,'Semaine-01',615,,2398,80,,,0,21,,2390,80,,,0,68,,2372,80,,,0,22,,2391,80,,,0,75,,2376,80,,,0,29,,2392,80,,,0,73,,2386,80,,,0,29,,2393,80,,,0,24,,2387,80,,,0,146,,2382,80,,,0,101,,2383,80,,,0,99,,2385,80,,,0,54,,2384,80,,,0,100,,2373,80,,,0,93,,2375,80,,,0,65,,2395,80,,,0,35,,2374,80,,,0,75,,2394,80,,,0,21,,2371,80,,,0,76,,2388,80,,,0,21,,2396,80,,,0,90,,2397,80,,,0,90,,2377,80,,,0,95,,2378,80,,,0,99,,2379,80,,,0,95,,2380,80,,,0,95,,2381,80,,,0,50,,2389,80,,,0
49101,'Week-end-01',736,,2414,80,,,0,90,,2415,80,,,0,90,,2416,80,,,0,90,,2417,80,,,0,50,,2413,80,,,0,90,,2412,80,,,0,90,,2411,80,,,0,90,,2410,80,,,0,90,,2409,80,,,0,90,,2408,80,,,0,50,,2407,80,,,0,90,,2406,80,,,0,90,,2405,80,,,0,90,,2404,80,,,0,90,,2403,80,,,0,90,,2402,80,,,0,50,,2401,80,,,0,90,,2400,80,,,0,90,,2399,80,,,0
49301,'Fête-2-01',704,,3088,110,,,0,97,,3087,110,,,0,102,,3086,110,,,0,53,,3076,110,,,0,146,,3082,110,,,0,101,,3077,110,,,0,99,,3084,110,,,0,55,,3074,110,,,0,99,,3085,110,,,0,94,,3075,110,,,0,99,,3073,110,,,0,96,,3083,110,,,0,97,,3081,110,,,0,90,,3080,110,,,0,90,,3079,110,,,0,95,,3078,110,,,0
49301,'Semaine-01',704,,2449,110,,,0,23,,3094,110,,,0,74,,2448,110,,,0,30,,3095,110,,,0,72,,2447,110,,,0,29,,3092,110,,,0,24,,2437,110,,,0,146,,2443,110,,,0,101,,2438,110,,,0,99,,2445,110,,,0,55,,2435,110,,,0,99,,2446,110,,,0,62,,3090,110,,,0,32,,2436,110,,,0,64,,3091,110,,,0,35,,2434,110,,,0,75,,3089,110,,,0,21,,2444,110,,,0,76,,3093,110,,,0,21,,2442,110,,,0,90,,2441,110,,,0,90,,2440,110,,,0,95,,2439,110,,,0
