19000,'Fête-1-01',712,,2623,230,0,8,0,90,,2642,230,0,8,0,50,,2639,230,0,8,0,90,,2641,230,0,8,0,90,,2640,230,0,8,0,90,,2625,230,0,8,0,90,,2630,230,0,8,0,90,,2629,230,0,8,0,50,,2633,230,0,8,0,90,,2628,230,0,8,0,90,,2627,230,0,8,0,90,,2632,230,0,8,0,90,,2626,230,0,8,0,90,,2636,230,0,8,0,50,,2634,230,0,8,0,90,,2638,230,0,8,0,90,,2637,230,0,8,0,90,,2624,230,0,8,0,90,,2635,230,0,8,0,90,,2631,230,0,8,0
19000,'Fête-2-01',544,,2666,230,,,0,69,,2662,230,,,0,27,,2645,230,,,0,71,,2652,230,,,0,27,,2647,230,,,0,70,,2668,230,,,0,19,,2643,230,,,0,74,,2656,230,,,0,31,,2659,230,,,0,97,,2661,230,,,0,101,,2653,230,,,0,102,,2667,230,,,0,98,,2654,230,,,0,96,,2648,230,,,0,103,,2665,230,,,0,115,,2649,230,,,0,73,,2664,230,,,0,36,,2651,230,,,0,76,,2663,230,,,0,78,,2650,230,,,0,50,,2657,230,,,0,90,,2660,230,,,0,95,,2655,230,,,0,100,,2644,230,,,0,106,,2658,230,,,0,85,,2646,230,,,0
19000,'Semaine-01',544,,1918,230,,,0,69,,1914,230,,,0,27,,1897,230,,,0,71,,1904,230,,,0,27,,1899,230,,,0,70,,1920,230,,,0,19,,1895,230,,,0,74,,1908,230,,,0,31,,1911,230,,,0,97,,1913,230,,,0,101,,1905,230,,,0,102,,1919,230,,,0,98,,1906,230,,,0,96,,1900,230,,,0,103,,1917,230,,,0,115,,1901,230,,,0,73,,1916,230,,,0,36,,1903,230,,,0,76,,1915,230,,,0,78,,1902,230,,,0,50,,1909,230,,,0,90,,1912,230,,,0,95,,1907,230,,,0,100,,1896,230,,,0,106,,1910,230,,,0,85,,1898,230,,,0
19000,'Week-end-01',712,,1921,230,0,8,0,90,,1940,230,0,8,0,50,,1937,230,0,8,0,90,,1939,230,0,8,0,90,,1938,230,0,8,0,90,,1923,230,0,8,0,90,,1928,230,0,8,0,90,,1927,230,0,8,0,50,,1931,230,0,8,0,90,,1926,230,0,8,0,90,,1925,230,0,8,0,90,,1930,230,0,8,0,90,,1924,230,0,8,0,90,,1934,230,0,8,0,50,,1932,230,0,8,0,90,,1936,230,0,8,0,90,,1935,230,0,8,0,90,,1922,230,0,8,0,90,,1933,230,0,8,0,90,,1929,230,0,8,0
19101,'Fête-2-01',519,,2760,20,,,0,36,,2766,20,,,0,64,,2767,20,,,0,27,,2765,20,,,0,73,,2763,20,,,0,25,,2764,20,,,0,71,,2769,20,,,0,99,,2770,20,,,0,102,,2771,20,,,0,100,,2772,20,,,0,100,,2773,20,,,0,97,,2774,20,,,0,93,,2775,20,,,0,53,,2776,20,,,0,97,,2761,20,,,0,60,,2768,20,,,0,35,,2762,20,,,0,76,,2759,20,,,0,79,,2756,20,,,0,38,,2757,20,,,0,69,,2758,20,,,0
19101,'Semaine-01',519,,2062,20,,,0,36,,2068,20,,,0,64,,2069,20,,,0,27,,2067,20,,,0,73,,2065,20,,,0,25,,2066,20,,,0,71,,2071,20,,,0,99,,2072,20,,,0,102,,2073,20,,,0,100,,2074,20,,,0,100,,2075,20,,,0,97,,2076,20,,,0,93,,2077,20,,,0,53,,2078,20,,,0,97,,2063,20,,,0,60,,2070,20,,,0,35,,2064,20,,,0,76,,2061,20,,,0,79,,2058,20,,,0,38,,2059,20,,,0,69,,2060,20,,,0
20001,'Fête-2-01',607,,2842,20,0,15 8 2 16,0,21,,2843,20,0,15 8 2 16,0,21,,2844,20,0,15 8 2 16,0,61,,2845,20,0,15 8 2 16,0,21,,2850,20,0,15 8 2 16,0,23,,2849,20,0,15 8 2 16,0,61,,2852,20,0,15 8 2 16,0,25,,2851,20,0,15 8 2 16,0,76,,2853,20,0,15 8 2 16,0,30,,2854,20,0,15 8 2 16,0,70,,2861,20,0,15 8 2 16,0,40,,2855,20,0,15 8 2 16,0,61,,2862,20,0,15 8 2 16,0,29,,2856,20,0,15 8 2 16,0,70,,2863,20,0,15 8 2 16,0,30,,2857,20,0,15 8 2 16,0,70,,2864,20,0,15 8 2 16,0,30,,2858,20,0,15 8 2 16,0,70,,2865,20,0,15 8 2 16,0,43,,2859,20,0,15 8 2 16,0,87,,2866,20,0,15 8 2 16,0,71,,2860,20,0,15 8 2 16,0,33,,2847,20,0,15 8 2 16,0,75,,2846,20,0,15 8 2 16,0,21,,2837,20,0,15 8 2 16,0,61,,2838,20,0,15 8 2 16,0,36,,2839,20,0,15 8 2 16,0,66,,2840,20,0,15 8 2 16,0,24,,2848,20,,,0
20001,'Semaine-01',607,,2154,20,0,15 8 2 16,0,21,,2155,20,0,15 8 2 16,0,21,,2156,20,0,15 8 2 16,0,61,,2157,20,0,15 8 2 16,0,21,,2162,20,0,15 8 2 16,0,23,,2161,20,0,15 8 2 16,0,61,,2164,20,0,15 8 2 16,0,25,,2163,20,0,15 8 2 16,0,76,,2165,20,0,15 8 2 16,0,30,,2166,20,0,15 8 2 16,0,70,,2173,20,0,15 8 2 16,0,40,,2167,20,0,15 8 2 16,0,61,,2174,20,0,15 8 2 16,0,29,,2168,20,0,15 8 2 16,0,70,,2175,20,0,15 8 2 16,0,30,,2169,20,0,15 8 2 16,0,70,,2176,20,0,15 8 2 16,0,30,,2170,20,0,15 8 2 16,0,70,,2177,20,0,15 8 2 16,0,43,,2171,20,0,15 8 2 16,0,87,,2178,20,0,15 8 2 16,0,71,,2172,20,0,15 8 2 16,0,33,,2159,20,0,15 8 2 16,0,75,,2158,20,0,15 8 2 16,0,21,,2149,20,0,15 8 2 16,0,61,,2150,20,0,15 8 2 16,0,36,,2151,20,0,15 8 2 16,0,66,,2152,20,0,15 8 2 16,0,24,,2160,20,,,0
59100,'Fête-2-01',550,,3100,20,,,0,99,,3096,20,,,0,104,,3097,20,,,0,157,,3102,20,,,0,105,,3101,20,,,0,443,,3103,20,,,0,151,,3098,20,,,0,118,,3099,20,,,0,116,,3104,20,,,0
59100,'Semaine-01',550,,2454,20,,,0,99,,2450,20,,,0,104,,2451,20,,,0,157,,2456,20,,,0,105,,2455,20,,,0,109,,3105,20,,,0,113,,3106,20,,,0,107,,3107,20,,,0,114,,2457,20,,,0,151,,2452,20,,,0,118,,2453,20,,,0,116,,2458,20,,,0
79300,'Fête-2-01',526,,3199,20,,,0,77,,3185,20,,,0,28,,3184,20,,,0,72,,3191,20,,,0,18,,3200,20,,,0,23,,3192,20,,,0,72,,3201,20,,,0,20,,3183,20,,,0,73,,3188,20,,,0,102,,3180,20,,,0,44,,3178,20,,,0,81,,3202,20,,,0,80,,3198,20,,,0,98,,3193,20,,,0,92,,3177,20,,,0,95,,3181,20,,,0,55,,3187,20,,,0,66,,3194,20,,,0,29,,3186,20,,,0,76,,3195,20,,,0,91,,3190,20,,,0,121,,3182,20,,,0,65,,3189,20,,,0,50,,3196,20,,,0,69,,3179,20,,,0,80,,3203,20,,,0,46,,3204,20,,,0,106,,3197,20,,,0
79300,'Semaine-01',526,,2566,20,,,0,77,,2552,20,,,0,28,,2551,20,,,0,72,,2558,20,,,0,18,,2567,20,,,0,23,,2559,20,,,0,72,,2568,20,,,0,20,,2550,20,,,0,73,,2555,20,,,0,32,,3205,20,,,0,70,,2547,20,,,0,44,,2545,20,,,0,81,,2569,20,,,0,80,,2565,20,,,0,98,,2560,20,,,0,21,,3206,20,,,0,71,,2544,20,,,0,95,,2548,20,,,0,55,,2554,20,,,0,66,,2561,20,,,0,29,,2553,20,,,0,76,,2562,20,,,0,91,,2557,20,,,0,121,,2549,20,,,0,65,,2556,20,,,0,50,,2563,20,,,0,69,,2546,20,,,0,80,,2570,20,,,0,46,,2571,20,,,0,106,,2564,20,,,0
